





6.001617,2.215e+7,
6.007600,2.029e+7,
6.013317,1.898e+7,
6.019300,1.832e+7,
6.025267,1.802e+7,
6.031250,1.741e+7,
6.036967,1.660e+7,
6.042950,1.605e+7,
6.048933,1.581e+7,
6.054650,1.578e+7,
6.060633,1.542e+7,
6.066617,1.518e+7,
6.072600,1.457e+7,
6.078317,1.433e+7,
6.084300,1.402e+7,
6.090267,1.401e+7,
6.096000,1.388e+7,
6.101967,1.357e+7,
6.107950,1.337e+7,
6.113683,1.296e+7,
6.119650,1.299e+7,
6.125633,1.333e+7,
6.131617,1.374e+7,
6.137333,1.430e+7,
6.143317,1.501e+7,
6.149300,1.605e+7,
6.155017,1.664e+7,
6.161000,1.660e+7,
6.166983,1.661e+7,
6.172950,1.631e+7,
6.178683,1.592e+7,
6.184650,1.477e+7,
6.190633,1.434e+7,
6.196350,1.397e+7,
6.202333,1.420e+7,
6.208317,1.400e+7,
6.214033,1.437e+7,
6.220017,1.495e+7,
6.226000,1.531e+7,
6.231983,1.510e+7,
6.237700,1.460e+7,
6.243683,1.422e+7,
6.249650,1.354e+7,
6.255383,1.290e+7,
6.261350,1.215e+7,
6.267333,1.194e+7,
6.273317,1.149e+7,
6.279033,1.155e+7,
6.285017,1.137e+7,
6.291000,1.135e+7,
6.296717,1.118e+7,
6.302700,1.125e+7,
6.308683,1.144e+7,
6.314400,1.158e+7,
6.320383,1.141e+7,
6.326350,1.120e+7,
6.332333,1.118e+7,
6.338050,1.101e+7,
6.344033,1.078e+7,
6.350017,1.056e+7,
6.355733,1.062e+7,
6.361717,1.045e+7,
6.367700,1.037e+7,
6.373683,1.013e+7,
6.379400,1.041e+7,
6.385383,1.013e+7,
6.391350,1.026e+7,
6.397083,1.032e+7,
6.403050,1.045e+7,
6.409033,1.023e+7,
6.415017,9.952e+6,
6.420733,9.867e+6,
6.426717,1.009e+7,
6.432700,1.011e+7,
6.438417,1.019e+7,
6.444400,1.031e+7,
6.450383,1.044e+7,
6.456100,1.051e+7,
6.462083,1.044e+7,
6.468050,1.055e+7,
6.474033,1.054e+7,
6.479750,1.038e+7,
6.485733,1.007e+7,
6.491717,1.004e+7,
6.497433,9.779e+6,
6.503417,9.747e+6,
6.509400,9.360e+6,
6.515117,9.380e+6,
6.521100,9.147e+6,
6.527083,9.295e+6,
6.533050,9.245e+6,
6.538783,9.454e+6,
6.544750,9.232e+6,
6.550733,9.478e+6,
6.556450,9.585e+6,
6.562433,9.934e+6,
6.568417,1.008e+7,
6.574400,1.029e+7,
6.580117,1.046e+7,
6.586100,1.032e+7,
6.592083,1.017e+7,
6.597800,1.015e+7,
6.603783,9.906e+6,
6.609750,9.674e+6,
6.615733,9.400e+6,
6.621450,9.460e+6,
6.627433,9.447e+6,
6.633417,9.188e+6,
6.639133,9.083e+6,
6.645117,8.876e+6,
6.651100,8.903e+6,
6.656817,8.904e+6,
6.662800,9.055e+6,
6.668783,8.905e+6,
6.674767,8.910e+6,
6.680483,8.787e+6,
6.686467,8.940e+6,
6.692433,8.800e+6,
6.698167,8.968e+6,
6.704133,8.952e+6,
6.710117,9.069e+6,
6.716100,9.095e+6,
6.721817,9.392e+6,
6.727800,1.044e+7,
6.733783,1.146e+7,
6.739500,1.316e+7,
6.745483,1.421e+7,
6.751467,1.518e+7,
6.757183,1.532e+7,
6.763167,1.482e+7,
6.769133,1.413e+7,
6.775117,1.304e+7,
6.780833,1.217e+7,
6.786817,1.132e+7,
6.792800,1.050e+7,
6.798517,1.006e+7,
6.804500,9.542e+6,
6.810483,9.357e+6,
6.816467,8.977e+6,
6.822183,9.093e+6,
6.828167,9.208e+6,
6.834133,9.262e+6,
6.839867,9.127e+6,
6.845833,8.873e+6,
6.851817,8.874e+6,
6.857533,8.840e+6,
6.863517,8.708e+6,
6.869500,8.705e+6,
6.875483,8.813e+6,
6.881200,9.501e+6,
6.887183,1.058e+7,
6.893167,1.369e+7,
6.898883,2.083e+7,
6.904867,3.599e+7,
6.910833,6.452e+7,
6.916567,1.103e+8,
6.922533,1.699e+8,
6.928517,2.320e+8,
6.934500,2.786e+8,
6.940217,2.947e+8,
6.946200,2.758e+8,
6.952183,2.287e+8,
6.957900,1.707e+8,
6.963883,1.145e+8,
6.969867,7.200e+7,
6.975833,4.376e+7,
6.981567,2.832e+7,
6.987533,2.013e+7,
6.993517,1.613e+7,
6.999233,1.448e+7,
7.005217,1.406e+7,
7.011200,1.457e+7,
7.016917,1.633e+7,
7.022900,1.904e+7,
7.028883,2.251e+7,
7.034867,2.512e+7,
7.040583,2.638e+7,
7.046567,2.563e+7,
7.052533,2.363e+7,
7.058267,2.059e+7,
7.064233,1.721e+7,
7.070217,1.409e+7,
7.076200,1.194e+7,
7.081917,1.063e+7,
7.087900,9.873e+6,
7.093883,9.400e+6,
7.099600,9.299e+6,
7.105583,9.125e+6,
7.111567,8.872e+6,
7.117533,8.538e+6,
7.123267,8.479e+6,
7.129233,8.366e+6,
7.135217,8.463e+6,
7.140933,8.243e+6,
7.146917,8.205e+6,
7.152900,8.037e+6,
7.158617,8.014e+6,
7.164600,8.127e+6,
7.170583,8.347e+6,
7.176567,8.427e+6,
7.182283,8.408e+6,
7.188267,8.414e+6,
7.194250,8.314e+6,
7.199967,8.301e+6,
7.205950,8.172e+6,
7.211917,8.194e+6,
7.217650,8.058e+6,
7.223617,8.015e+6,
7.229600,8.086e+6,
7.235583,8.001e+6,
7.241300,7.925e+6,
7.247283,7.862e+6,
7.253267,7.817e+6,
7.258983,7.757e+6,
7.264967,7.623e+6,
7.270950,7.542e+6,
7.276917,7.505e+6,
7.282650,7.444e+6,
7.288617,7.471e+6,
7.294600,7.250e+6,
7.300317,7.091e+6,
7.306300,7.054e+6,
7.312283,7.150e+6,
7.318267,7.267e+6,
7.323983,7.253e+6,
7.329967,7.283e+6,
7.335950,7.259e+6,
7.341667,7.260e+6,
7.347650,7.223e+6,
7.353617,7.266e+6,
7.359600,7.259e+6,
7.365317,7.322e+6,
7.371300,7.199e+6,
7.377283,7.186e+6,
7.383000,7.179e+6,
7.388983,7.178e+6,
7.394967,7.184e+6,
7.400683,7.175e+6,
7.406667,7.482e+6,
7.412650,7.872e+6,
7.418617,7.992e+6,
7.424350,8.062e+6,
7.430317,7.847e+6,
7.436300,7.953e+6,
7.442017,7.896e+6,
7.448000,7.876e+6,
7.453983,7.985e+6,
7.459967,8.415e+6,
7.465683,9.560e+6,
7.471667,1.130e+7,
7.477650,1.436e+7,
7.483367,1.905e+7,
7.489350,2.536e+7,
7.495317,3.165e+7,
7.501050,3.640e+7,
7.507017,3.770e+7,
7.513000,3.603e+7,
7.518983,3.172e+7,
7.524700,2.598e+7,
7.530683,2.029e+7,
7.536667,1.555e+7,
7.542383,1.279e+7,
7.548367,1.108e+7,
7.554350,1.009e+7,
7.560317,9.520e+6,
7.566050,9.266e+6,
7.572017,9.345e+6,
7.578000,9.489e+6,
7.583717,9.585e+6,
7.589700,9.724e+6,
7.595683,9.863e+6,
7.601400,9.966e+6,
7.607383,9.771e+6,
7.613367,9.387e+6,
7.619350,8.976e+6,
7.625067,8.628e+6,
7.631050,8.339e+6,
7.637017,7.910e+6,
7.642750,7.752e+6,
7.648717,7.541e+6,
7.654700,7.575e+6,
7.660683,7.472e+6,
7.666400,7.301e+6,
7.672383,7.228e+6,
7.678367,7.005e+6,
7.684083,7.054e+6,
7.690067,7.057e+6,
7.696050,6.975e+6,
7.702033,6.891e+6,
7.707750,6.684e+6,
7.713733,6.828e+6,
7.719700,6.847e+6,
7.725433,6.743e+6,
7.731400,6.691e+6,
7.737383,6.566e+6,
7.743100,6.746e+6,
7.749083,6.764e+6,
7.755067,6.735e+6,
7.761050,6.519e+6,
7.766767,6.287e+6,
7.772750,6.251e+6,
7.778733,6.262e+6,
7.784450,6.270e+6,
7.790433,6.185e+6,
7.796400,6.301e+6,
7.802133,6.376e+6,
7.808100,6.594e+6,
7.814083,6.698e+6,
7.820067,6.632e+6,
7.825783,6.651e+6,
7.831767,6.486e+6,
7.837750,6.575e+6,
7.843467,6.678e+6,
7.849450,6.638e+6,
7.855433,6.576e+6,
7.861400,6.358e+6,
7.867133,6.449e+6,
7.873100,6.498e+6,
7.879083,6.605e+6,
7.884800,6.532e+6,
7.890783,6.431e+6,
7.896767,6.418e+6,
7.902750,6.385e+6,
7.908467,6.524e+6,
7.914450,6.591e+6,
7.920433,6.579e+6,
7.926150,6.557e+6,
7.932133,6.487e+6,
7.938100,6.472e+6,
7.943833,6.291e+6,
7.949800,6.173e+6,
7.955783,6.197e+6,
7.961767,6.267e+6,
7.967483,6.111e+6,
7.973467,6.090e+6,
7.979450,6.050e+6,
7.985167,6.005e+6,
7.991150,5.978e+6,
7.997133,5.969e+6,
8.002850,6.093e+6,
8.008833,6.090e+6,
8.014800,6.050e+6,
8.020783,6.025e+6,
8.026500,6.040e+6,
8.032483,6.087e+6,
8.038467,6.258e+6,
8.044183,6.155e+6,
8.050167,6.030e+6,
8.056150,5.848e+6,
8.062133,6.033e+6,
8.067850,6.219e+6,
8.073833,6.259e+6,
8.079800,6.172e+6,
8.085533,6.122e+6,
8.091500,6.067e+6,
8.097483,6.091e+6,
8.103467,6.174e+6,
8.109183,6.345e+6,
8.115167,6.456e+6,
8.121150,6.417e+6,
8.126867,6.514e+6,
8.132850,6.733e+6,
8.138833,7.153e+6,
8.144550,7.586e+6,
8.150533,7.893e+6,
8.156500,7.952e+6,
8.162483,7.908e+6,
8.168200,7.498e+6,
8.174183,7.247e+6,
8.180167,7.026e+6,
8.185883,7.004e+6,
8.191867,6.967e+6,
8.197850,6.605e+6,
8.203833,6.322e+6,
8.209550,6.208e+6,
8.215533,6.135e+6,
8.221517,6.161e+6,
8.227233,5.969e+6,
8.233217,6.029e+6,
8.239183,6.132e+6,
8.244917,6.137e+6,
8.250883,6.089e+6,
8.256867,5.872e+6,
8.262850,5.873e+6,
8.268567,5.861e+6,
8.274550,5.839e+6,
8.280533,5.816e+6,
8.286250,5.704e+6,
8.292233,5.634e+6,
8.298217,5.578e+6,
8.303933,5.716e+6,
8.309917,5.851e+6,
8.315883,5.977e+6,
8.321867,5.873e+6,
8.327583,5.843e+6,
8.333567,5.721e+6,
8.339550,5.721e+6,
8.345267,5.756e+6,
8.351250,5.809e+6,
8.357233,5.895e+6,
8.363217,5.902e+6,
8.368933,5.940e+6,
8.374917,5.869e+6,
8.380883,5.819e+6,
8.386617,5.860e+6,
8.392583,5.938e+6,
8.398567,5.676e+6,
8.404283,5.577e+6,
8.410267,5.435e+6,
8.416250,5.713e+6,
8.422233,5.718e+6,
8.427950,5.752e+6,
8.433933,5.713e+6,
8.439917,5.720e+6,
8.445633,5.740e+6,
8.451617,5.700e+6,
8.457583,5.594e+6,
8.463567,5.549e+6,
8.469283,5.614e+6,
8.475267,5.771e+6,
8.481250,5.823e+6,
8.486967,5.968e+6,
8.492950,6.128e+6,
8.498933,6.166e+6,
8.504650,6.329e+6,
8.510633,6.290e+6,
8.516617,6.409e+6,
8.522583,6.150e+6,
8.528317,5.873e+6,
8.534283,5.677e+6,
8.540267,5.578e+6,
8.545983,5.645e+6,
8.551967,5.545e+6,
8.557950,5.523e+6,
8.563933,5.407e+6,
8.569650,5.407e+6,
8.575633,5.459e+6,
8.581617,5.575e+6,
8.587333,5.716e+6,
8.593317,5.661e+6,
8.599283,5.526e+6,
8.605017,5.349e+6,
8.610983,5.389e+6,
8.616967,5.431e+6,
8.622950,5.566e+6,
8.628667,5.631e+6,
8.634650,5.663e+6,
8.640633,5.647e+6,
8.646350,5.672e+6,
8.652333,5.634e+6,
8.658317,5.568e+6,
8.664283,5.391e+6,
8.670017,5.445e+6,
8.675983,5.541e+6,
8.681967,5.565e+6,
8.687683,5.516e+6,
8.693667,5.497e+6,
8.699650,5.574e+6,
8.705367,5.479e+6,
8.711350,5.504e+6,
8.717333,5.421e+6,
8.723317,5.531e+6,
8.729033,5.566e+6,
8.735017,5.572e+6,
8.741000,5.716e+6,
8.746717,5.659e+6,
8.752700,5.809e+6,
8.758667,6.019e+6,
8.764650,6.343e+6,
8.770367,6.592e+6,
8.776350,6.657e+6,
8.782333,6.553e+6,
8.788050,6.512e+6,
8.794033,6.356e+6,
8.800017,6.379e+6,
8.805733,6.159e+6,
8.811717,5.977e+6,
8.817700,5.642e+6,
8.823667,5.524e+6,
8.829400,5.439e+6,
8.835367,5.506e+6,
8.841350,5.512e+6,
8.847067,5.478e+6,
8.853050,5.417e+6,
8.859033,5.422e+6,
8.864750,5.376e+6,
8.870733,5.496e+6,
8.876717,5.443e+6,
8.882700,5.462e+6,
8.888417,5.361e+6,
8.894400,5.420e+6,
8.900367,5.536e+6,
8.906100,5.624e+6,
8.912067,5.497e+6,
8.918050,5.453e+6,
8.924033,5.452e+6,
8.929750,5.537e+6,
8.935733,5.530e+6,
8.941717,5.463e+6,
8.947433,5.551e+6,
8.953417,5.435e+6,
8.959400,5.364e+6,
8.965367,5.291e+6,
8.971100,5.242e+6,
8.977067,5.285e+6,
8.983050,5.265e+6,
8.988767,5.351e+6,
8.994750,5.363e+6,
9.000733,5.304e+6,
9.006450,5.373e+6,
9.012433,5.266e+6,
9.018417,5.273e+6,
9.024400,5.145e+6,
9.030117,5.252e+6,
9.036100,5.213e+6,
9.042067,5.280e+6,
9.047800,5.159e+6,
9.053767,5.137e+6,
9.059750,5.119e+6,
9.065733,5.231e+6,
9.071450,5.276e+6,
9.077433,5.371e+6,
9.083417,5.293e+6,
9.089133,5.383e+6,
9.095117,5.193e+6,
9.101100,5.313e+6,
9.107067,5.231e+6,
9.112800,5.335e+6,
9.118767,5.215e+6,
9.124750,5.219e+6,
9.130467,5.404e+6,
9.136450,5.569e+6,
9.142433,5.920e+6,
9.148150,6.025e+6,
9.154133,6.360e+6,
9.160117,6.461e+6,
9.166100,6.606e+6,
9.171817,6.383e+6,
9.177800,6.249e+6,
9.183767,5.994e+6,
9.189500,5.759e+6,
9.195467,5.474e+6,
9.201450,5.310e+6,
9.207167,5.258e+6,
9.213150,5.344e+6,
9.219133,5.574e+6,
9.225117,5.905e+6,
9.230833,6.294e+6,
9.236817,6.795e+6,
9.242800,7.163e+6,
9.248517,7.541e+6,
9.254500,7.540e+6,
9.260483,7.573e+6,
9.266450,7.237e+6,
9.272183,6.916e+6,
9.278150,6.605e+6,
9.284133,6.304e+6,
9.289850,6.096e+6,
9.295833,5.712e+6,
9.301817,5.576e+6,
9.307800,5.401e+6,
9.313517,5.404e+6,
9.319500,5.605e+6,
9.325483,5.892e+6,
9.331200,6.617e+6,
9.337183,7.967e+6,
9.343150,1.045e+7,
9.348883,1.396e+7,
9.354850,1.808e+7,
9.360833,2.285e+7,
9.366817,2.713e+7,
9.372533,2.961e+7,
9.378517,2.913e+7,
9.384500,2.605e+7,
9.390217,2.183e+7,
9.396200,1.755e+7,
9.402183,1.392e+7,
9.408150,1.130e+7,
9.413883,9.252e+6,
9.419850,8.024e+6,
9.425833,7.039e+6,
9.431550,6.685e+6,
9.437533,6.559e+6,
9.443517,6.612e+6,
9.449233,6.751e+6,
9.455217,6.911e+6,
9.461200,7.157e+6,
9.467183,7.353e+6,
9.472900,7.303e+6,
9.478883,7.073e+6,
9.484850,7.001e+6,
9.490583,7.049e+6,
9.496550,7.251e+6,
9.502533,7.320e+6,
9.508250,7.621e+6,
9.514233,7.871e+6,
9.520217,8.248e+6,
9.526200,8.370e+6,
9.531917,8.290e+6,
9.537900,7.969e+6,
9.543883,7.508e+6,
9.549600,6.978e+6,
9.555583,6.622e+6,
9.561550,6.310e+6,
9.567533,6.127e+6,
9.573250,5.722e+6,
9.579233,5.476e+6,
9.585217,5.347e+6,
9.590933,5.474e+6,
9.596917,5.550e+6,
9.602900,5.580e+6,
9.608617,5.538e+6,
9.614600,5.557e+6,
9.620583,5.606e+6,
9.626550,5.556e+6,
9.632283,5.502e+6,
9.638250,5.448e+6,
9.644233,5.496e+6,
9.649950,5.447e+6,
9.655933,5.463e+6,
9.661917,5.370e+6,
9.667900,5.353e+6,
9.673617,5.334e+6,
9.679600,5.365e+6,
9.685583,5.411e+6,
9.691300,5.406e+6,
9.697283,5.408e+6,
9.703250,5.342e+6,
9.709233,5.404e+6,
9.714950,5.415e+6,
9.720933,5.600e+6,
9.726917,5.597e+6,
9.732633,5.437e+6,
9.738617,5.319e+6,
9.744600,5.121e+6,
9.750317,5.105e+6,
9.756300,5.106e+6,
9.762283,5.108e+6,
9.768267,5.256e+6,
9.773983,5.050e+6,
9.779967,5.019e+6,
9.785933,4.938e+6,
9.791667,5.082e+6,
9.797633,5.196e+6,
9.803617,5.156e+6,
9.809333,5.130e+6,
9.815317,5.090e+6,
9.821300,5.133e+6,
9.827283,5.124e+6,
9.833000,5.168e+6,
9.838983,5.201e+6,
9.844967,5.136e+6,
9.850933,5.067e+6,
9.856667,5.061e+6,
9.862633,5.042e+6,
9.868617,5.090e+6,
9.874333,5.106e+6,
9.880317,5.352e+6,
9.886300,5.600e+6,
9.892017,6.019e+6,
9.898000,6.764e+6,
9.903983,7.545e+6,
9.909967,8.411e+6,
9.915683,9.141e+6,
9.921667,9.765e+6,
9.927633,9.577e+6,
9.933367,9.133e+6,
9.939333,8.154e+6,
9.945317,7.470e+6,
9.951300,6.628e+6,
9.957017,6.045e+6,
9.963000,5.636e+6,
9.968983,5.448e+6,
9.974700,5.374e+6,
9.980683,5.366e+6,
9.986667,5.174e+6,
9.992633,5.174e+6,
9.998367,5.251e+6,
10.004333,5.475e+6,
10.010317,5.501e+6,
10.016033,5.428e+6,
10.022017,5.471e+6,
10.028000,5.749e+6,
10.033717,5.918e+6,
10.039700,6.154e+6,
10.045683,6.832e+6,
10.051667,8.897e+6,
10.057383,1.323e+7,
10.063367,2.128e+7,
10.069333,3.528e+7,
10.075067,5.495e+7,
10.081033,8.008e+7,
10.087017,1.042e+8,
10.092733,1.242e+8,
10.098717,1.323e+8,
10.104700,1.287e+8,
10.110683,1.146e+8,
10.116400,9.466e+7,
10.122383,7.289e+7,
10.128367,5.234e+7,
10.134083,3.612e+7,
10.140067,2.512e+7,
10.146033,1.807e+7,
10.152017,1.405e+7,
10.157733,1.146e+7,
10.163717,9.920e+6,
10.169700,9.094e+6,
10.175417,8.465e+6,
10.181400,8.035e+6,
10.187383,7.526e+6,
10.193100,7.138e+6,
10.199083,6.977e+6,
10.205067,6.638e+6,
10.211033,6.561e+6,
10.216767,6.360e+6,
10.222733,6.313e+6,
10.228717,6.252e+6,
10.234433,6.149e+6,
10.240417,6.029e+6,
10.246400,5.978e+6,
10.252383,5.972e+6,
10.258100,5.972e+6,
10.264083,5.864e+6,
10.270067,5.859e+6,
10.275783,5.796e+6,
10.281767,5.808e+6,
10.287750,5.555e+6,
10.293717,5.422e+6,
10.299450,5.308e+6,
10.305417,5.356e+6,
10.311400,5.419e+6,
10.317117,5.351e+6,
10.323100,5.466e+6,
10.329083,5.441e+6,
10.334800,5.364e+6,
10.340783,5.225e+6,
10.346767,5.226e+6,
10.352750,5.468e+6,
10.358467,5.327e+6,
10.364450,5.220e+6,
10.370417,4.929e+6,
10.376150,5.069e+6,
10.382117,5.162e+6,
10.388100,5.239e+6,
10.394083,5.202e+6,
10.399800,5.080e+6,
10.405783,5.147e+6,
10.411767,5.028e+6,
10.417483,5.064e+6,
10.423467,5.133e+6,
10.429450,5.474e+6,
10.435167,6.045e+6,
10.441150,7.479e+6,
10.447117,1.071e+7,
10.453100,1.681e+7,
10.458817,2.692e+7,
10.464800,4.194e+7,
10.470783,6.145e+7,
10.476500,8.286e+7,
10.482483,1.003e+8,
10.488467,1.091e+8,
10.494450,1.063e+8,
10.500167,9.294e+7,
10.506150,7.314e+7,
10.512117,5.264e+7,
10.517850,3.573e+7,
10.523817,2.388e+7,
10.529800,1.620e+7,
10.535783,1.189e+7,
10.541500,9.554e+6,
10.547483,8.251e+6,
10.553467,7.691e+6,
10.559183,7.429e+6,
10.565167,7.279e+6,
10.571150,6.954e+6,
10.576867,6.717e+6,
10.582850,6.519e+6,
10.588817,6.383e+6,
10.594800,6.099e+6,
10.600517,6.037e+6,
10.606500,5.935e+6,
10.612483,6.022e+6,
10.618200,6.006e+6,
10.624183,5.913e+6,
10.630167,5.896e+6,
10.636150,5.666e+6,
10.641867,5.556e+6,
10.647850,5.392e+6,
10.653817,5.388e+6,
10.659550,5.419e+6,
10.665517,5.341e+6,
10.671500,5.448e+6,
10.677217,5.498e+6,
10.683200,5.463e+6,
10.689183,5.241e+6,
10.695167,5.102e+6,
10.700883,5.075e+6,
10.706867,5.180e+6,
10.712850,5.236e+6,
10.718567,5.300e+6,
10.724550,5.243e+6,
10.730517,5.264e+6,
10.736500,5.218e+6,
10.742217,5.223e+6,
10.748200,5.195e+6,
10.754183,5.116e+6,
10.759900,4.939e+6,
10.765883,4.917e+6,
10.771867,4.859e+6,
10.777850,5.183e+6,
10.783567,5.077e+6,
10.789550,5.238e+6,
10.795533,5.295e+6,
10.801250,5.471e+6,
10.807233,5.622e+6,
10.813200,5.552e+6,
10.818933,6.028e+6,
10.824900,6.394e+6,
10.830883,6.934e+6,
10.836867,7.089e+6,
10.842583,7.207e+6,
10.848567,7.285e+6,
10.854550,6.979e+6,
10.860267,6.616e+6,
10.866250,5.964e+6,
10.872233,5.729e+6,
10.878200,5.304e+6,
10.883933,5.210e+6,
10.889900,4.994e+6,
10.895883,4.860e+6,
10.901600,4.898e+6,
10.907583,4.802e+6,
10.913567,5.041e+6,
10.919283,4.842e+6,
10.925267,4.828e+6,
10.931250,4.689e+6,
10.937233,4.711e+6,
10.942950,4.806e+6,
10.948933,4.853e+6,
10.954900,4.901e+6,
10.960633,4.815e+6,
10.966600,4.767e+6,
10.972583,4.736e+6,
10.978300,4.726e+6,
10.984283,4.692e+6,
10.990267,4.642e+6,
10.996250,4.593e+6,
11.001967,4.613e+6,
11.007950,4.632e+6,
11.013933,4.728e+6,
11.019650,4.792e+6,
11.025633,4.804e+6,
11.031600,4.732e+6,
11.037583,4.710e+6,
11.043300,4.612e+6,
11.049283,4.572e+6,
11.055267,4.677e+6,
11.060983,4.689e+6,
11.066967,4.764e+6,
11.072950,4.632e+6,
11.078933,4.630e+6,
11.084650,4.566e+6,
11.090633,4.644e+6,
11.096600,4.742e+6,
11.102333,4.895e+6,
11.108300,4.831e+6,
11.114283,4.826e+6,
11.120000,4.809e+6,
11.125983,4.718e+6,
11.131967,4.784e+6,
11.137950,4.715e+6,
11.143667,4.808e+6,
11.149650,4.823e+6,
11.155633,4.708e+6,
11.161350,4.802e+6,
11.167333,4.729e+6,
11.173300,4.940e+6,
11.179283,4.907e+6,
11.185000,4.965e+6,
11.190983,4.875e+6,
11.196967,4.815e+6,
11.202683,4.736e+6,
11.208667,4.680e+6,
11.214650,4.680e+6,
11.220633,4.760e+6,
11.226350,4.808e+6,
11.232333,4.839e+6,
11.238300,4.674e+6,
11.244033,4.748e+6,
11.250000,4.566e+6,
11.255983,4.660e+6,
11.261700,4.699e+6,
11.267683,4.781e+6,
11.273667,4.709e+6,
11.279650,4.438e+6,
11.285367,4.570e+6,
11.291350,4.904e+6,
11.297333,5.348e+6,
11.303050,5.579e+6,
11.309033,5.674e+6,
11.315017,5.717e+6,
11.320733,5.777e+6,
11.326717,5.798e+6,
11.332683,5.869e+6,
11.338667,5.754e+6,
11.344383,5.591e+6,
11.350367,5.502e+6,
11.356350,5.689e+6,
11.362067,5.870e+6,
11.368050,5.881e+6,
11.374033,5.739e+6,
11.380017,5.600e+6,
11.385733,5.521e+6,
11.391717,5.349e+6,
11.397683,5.182e+6,
11.403417,5.222e+6,
11.409383,5.447e+6,
11.415367,5.809e+6,
11.421083,6.147e+6,
11.427067,6.189e+6,
11.433050,6.474e+6,
11.439033,6.512e+6,
11.444750,6.688e+6,
11.450733,6.419e+6,
11.456717,6.186e+6,
11.462433,5.946e+6,
11.468417,5.847e+6,
11.474383,5.600e+6,
11.480367,5.541e+6,
11.486083,5.419e+6,
11.492067,5.392e+6,
11.498050,5.328e+6,
11.503767,5.266e+6,
11.509750,5.346e+6,
11.515733,5.153e+6,
11.521717,5.144e+6,
11.527433,5.155e+6,
11.533417,5.033e+6,
11.539383,4.785e+6,
11.545117,4.555e+6,
11.551083,4.801e+6,
11.557067,4.890e+6,
11.562783,4.914e+6,
11.568767,4.805e+6,
11.574750,4.737e+6,
11.580733,4.774e+6,
11.586450,4.727e+6,
11.592433,4.853e+6,
11.598417,4.731e+6,
11.604133,4.727e+6,
11.610117,4.582e+6,
11.616083,4.599e+6,
11.622067,4.613e+6,
11.627783,4.785e+6,
11.633767,4.802e+6,
11.639750,4.812e+6,
11.645467,4.661e+6,
11.651450,4.633e+6,
11.657433,4.575e+6,
11.663150,4.575e+6,
11.669133,4.591e+6,
11.675117,4.615e+6,
11.681083,4.595e+6,
11.686817,4.650e+6,
11.692783,4.661e+6,
11.698767,4.760e+6,
11.704483,4.669e+6,
11.710467,4.706e+6,
11.716450,4.663e+6,
11.722433,4.775e+6,
11.728150,4.945e+6,
11.734133,5.242e+6,
11.740117,5.618e+6,
11.745833,5.973e+6,
11.751817,6.382e+6,
11.757783,6.798e+6,
11.763517,7.166e+6,
11.769483,7.318e+6,
11.775467,7.023e+6,
11.781450,6.463e+6,
11.787167,5.975e+6,
11.793150,5.637e+6,
11.799133,5.273e+6,
11.804850,4.960e+6,
11.810833,4.841e+6,
11.816817,4.805e+6,
11.822783,4.658e+6,
11.828517,4.471e+6,
11.834500,4.513e+6,
11.840467,4.622e+6,
11.846200,4.717e+6,
11.852167,4.694e+6,
11.858150,4.585e+6,
11.863867,4.612e+6,
11.869850,4.545e+6,
11.875833,4.654e+6,
11.881817,4.523e+6,
11.887533,4.517e+6,
11.893517,4.521e+6,
11.899500,4.667e+6,
11.905217,4.483e+6,
11.911200,4.374e+6,
11.917167,4.204e+6,
11.923150,4.448e+6,
11.928867,4.398e+6,
11.934850,4.520e+6,
11.940833,4.478e+6,
11.946550,4.672e+6,
11.952533,4.633e+6,
11.958517,4.802e+6,
11.964233,4.867e+6,
11.970217,5.279e+6,
11.976200,6.420e+6,
11.982167,8.837e+6,
11.987900,1.357e+7,
11.993867,2.137e+7,
11.999850,3.446e+7,
12.005567,5.379e+7,
12.011550,7.823e+7,
12.017533,1.041e+8,
12.023517,1.247e+8,
12.029233,1.343e+8,
12.035217,1.301e+8,
12.041200,1.138e+8,
12.046917,9.102e+7,
12.052900,6.726e+7,
12.058867,4.755e+7,
12.064600,3.329e+7,
12.070567,2.364e+7,
12.076550,1.715e+7,
12.082533,1.300e+7,
12.088250,1.078e+7,
12.094233,9.267e+6,
12.100217,8.199e+6,
12.105933,7.396e+6,
12.111917,7.079e+6,
12.117900,6.877e+6,
12.123867,6.754e+6,
12.129600,6.405e+6,
12.135567,6.213e+6,
12.141550,5.953e+6,
12.147267,6.033e+6,
12.153250,6.079e+6,
12.159233,6.104e+6,
12.164950,5.787e+6,
12.170933,5.461e+6,
12.176917,5.354e+6,
12.182900,5.407e+6,
12.188617,5.640e+6,
12.194600,5.516e+6,
12.200567,5.718e+6,
12.206300,5.952e+6,
12.212267,6.432e+6,
12.218250,6.994e+6,
12.224233,7.513e+6,
12.229950,8.232e+6,
12.235933,8.488e+6,
12.241917,8.634e+6,
12.247633,8.398e+6,
12.253617,7.984e+6,
12.259600,7.472e+6,
12.265317,6.638e+6,
12.271300,6.236e+6,
12.277267,5.753e+6,
12.283250,5.720e+6,
12.288967,5.712e+6,
12.294950,5.693e+6,
12.300933,5.687e+6,
12.306650,5.687e+6,
12.312633,5.776e+6,
12.318617,5.706e+6,
12.324333,5.489e+6,
12.330317,5.369e+6,
12.336300,5.412e+6,
12.342267,5.388e+6,
12.348000,5.290e+6,
12.353983,5.223e+6,
12.359950,5.159e+6,
12.365683,5.084e+6,
12.371650,5.131e+6,
12.377633,5.236e+6,
12.383617,5.470e+6,
12.389333,5.842e+6,
12.395317,6.451e+6,
12.401300,7.270e+6,
12.407017,7.631e+6,
12.413000,7.956e+6,
12.418983,7.784e+6,
12.424950,7.618e+6,
12.430683,7.043e+6,
12.436650,6.544e+6,
12.442633,5.904e+6,
12.448350,5.643e+6,
12.454333,5.444e+6,
12.460317,5.425e+6,
12.466300,5.491e+6,
12.472017,5.687e+6,
12.478000,6.239e+6,
12.483983,6.909e+6,
12.489700,7.741e+6,
12.495683,8.694e+6,
12.501650,9.505e+6,
12.507633,1.008e+7,
12.513350,9.992e+6,
12.519333,9.602e+6,
12.525317,8.928e+6,
12.531033,8.304e+6,
12.537017,7.881e+6,
12.543000,8.111e+6,
12.548717,9.288e+6,
12.554700,1.182e+7,
12.560683,1.530e+7,
12.566650,1.966e+7,
12.572383,2.317e+7,
12.578350,2.586e+7,
12.584333,2.594e+7,
12.590050,2.399e+7,
12.596033,2.045e+7,
12.602017,1.640e+7,
12.608000,1.285e+7,
12.613717,9.672e+6,
12.619700,7.563e+6,
12.625683,6.414e+6,
12.631400,5.824e+6,
12.637383,5.692e+6,
12.643350,5.458e+6,
12.649083,5.327e+6,
12.655050,5.242e+6,
12.661033,5.139e+6,
12.667017,5.099e+6,
12.672733,4.990e+6,
12.678717,4.989e+6,
12.684700,4.833e+6,
12.690417,4.934e+6,
12.696400,4.781e+6,
12.702383,4.924e+6,
12.708350,4.630e+6,
12.714083,4.710e+6,
12.720050,4.686e+6,
12.726033,4.955e+6,
12.731750,4.861e+6,
12.737733,4.874e+6,
12.743717,4.731e+6,
12.749700,4.825e+6,
12.755417,4.824e+6,
12.761400,4.786e+6,
12.767383,4.748e+6,
12.773100,4.750e+6,
12.779083,4.673e+6,
12.785050,4.647e+6,
12.790783,4.556e+6,
12.796750,4.709e+6,
12.802733,4.634e+6,
12.808717,4.548e+6,
12.814433,4.375e+6,
12.820417,4.437e+6,
12.826400,4.514e+6,
12.832117,4.547e+6,
12.838100,4.574e+6,
12.844083,4.592e+6,
12.849800,4.617e+6,
12.855783,4.659e+6,
12.861750,4.605e+6,
12.867733,4.534e+6,
12.873467,4.454e+6,
12.879433,4.443e+6,
12.885417,4.548e+6,
12.891133,4.679e+6,
12.897117,5.141e+6,
12.903100,6.024e+6,
12.909083,7.463e+6,
12.914800,9.326e+6,
12.920783,1.168e+7,
12.926767,1.400e+7,
12.932483,1.604e+7,
12.938467,1.702e+7,
12.944433,1.682e+7,
12.950417,1.548e+7,
12.956133,1.331e+7,
12.962117,1.091e+7,
12.968100,8.862e+6,
12.973817,7.483e+6,
12.979800,6.543e+6,
12.985783,5.916e+6,
12.991767,5.490e+6,
12.997483,5.255e+6,
13.003467,5.206e+6,
13.009433,5.178e+6,
13.015167,5.237e+6,
13.021133,5.046e+6,
13.027117,4.897e+6,
13.032833,4.704e+6,
13.038817,4.658e+6,
13.044800,4.682e+6,
13.050783,4.734e+6,
13.056500,4.864e+6,
13.062483,4.830e+6,
13.068467,4.861e+6,
13.074183,4.778e+6,
13.080167,4.754e+6,
13.086133,4.730e+6,
13.091867,4.774e+6,
13.097833,4.878e+6,
13.103817,4.898e+6,
13.109800,4.775e+6,
13.115517,4.778e+6,
13.121500,4.757e+6,
13.127483,4.809e+6,
13.133200,4.855e+6,
13.139183,5.136e+6,
13.145167,5.610e+6,
13.151133,6.450e+6,
13.156867,7.860e+6,
13.162833,9.991e+6,
13.168817,1.307e+7,
13.174533,1.636e+7,
13.180517,1.937e+7,
13.186500,2.116e+7,
13.192217,2.132e+7,
13.198200,2.011e+7,
13.204183,1.733e+7,
13.210167,1.451e+7,
13.215883,1.169e+7,
13.221867,9.811e+6,
13.227833,8.378e+6,
13.233567,7.343e+6,
13.239533,6.691e+6,
13.245517,6.212e+6,
13.251500,6.109e+6,
13.257217,5.889e+6,
13.263200,5.806e+6,
13.269183,5.618e+6,
13.274900,5.499e+6,
13.280883,5.523e+6,
13.286867,5.466e+6,
13.292833,5.499e+6,
13.298567,5.349e+6,
13.304533,5.397e+6,
13.310517,5.525e+6,
13.316233,5.571e+6,
13.322217,5.518e+6,
13.328200,5.484e+6,
13.334183,5.519e+6,
13.339900,5.663e+6,
13.345883,5.590e+6,
13.351867,5.782e+6,
13.357583,5.915e+6,
13.363567,5.939e+6,
13.369533,6.120e+6,
13.375267,6.053e+6,
13.381233,6.247e+6,
13.387217,6.090e+6,
13.393200,6.185e+6,
13.398917,6.308e+6,
13.404900,6.587e+6,
13.410883,6.965e+6,
13.416600,7.562e+6,
13.422583,8.685e+6,
13.428567,1.087e+7,
13.434283,1.464e+7,
13.440267,2.060e+7,
13.446250,2.958e+7,
13.452217,4.116e+7,
13.457950,5.650e+7,
13.463917,7.495e+7,
13.469900,9.603e+7,
13.475617,1.189e+8,
13.481600,1.456e+8,
13.487583,1.745e+8,
13.493300,2.048e+8,
13.499283,2.292e+8,
13.505267,2.410e+8,
13.511250,2.286e+8,
13.516967,1.909e+8,
13.522950,1.399e+8,
13.528917,9.299e+7,
13.534650,6.119e+7,
13.540617,4.245e+7,
13.546600,3.228e+7,
13.552583,2.597e+7,
13.558300,2.214e+7,
13.564283,1.973e+7,
13.570267,1.845e+7,
13.575983,1.809e+7,
13.581967,1.855e+7,
13.587950,1.906e+7,
13.593667,2.033e+7,
13.599650,2.122e+7,
13.605617,2.177e+7,
13.611600,2.119e+7,
13.617317,1.989e+7,
13.623300,1.812e+7,
13.629283,1.587e+7,
13.635000,1.363e+7,
13.640983,1.172e+7,
13.646967,1.031e+7,
13.652950,9.341e+6,
13.658667,8.684e+6,
13.664650,8.321e+6,
13.670617,8.087e+6,
13.676350,7.854e+6,
13.682317,7.435e+6,
13.688300,7.206e+6,
13.694283,6.866e+6,
13.700000,6.639e+6,
13.705983,6.478e+6,
13.711967,6.422e+6,
13.717683,6.405e+6,
13.723667,6.403e+6,
13.729650,6.478e+6,
13.735367,6.695e+6,
13.741350,6.692e+6,
13.747317,6.900e+6,
13.753300,7.208e+6,
13.759017,7.540e+6,
13.765000,7.867e+6,
13.770983,7.945e+6,
13.776700,8.209e+6,
13.782683,8.071e+6,
13.788667,7.888e+6,
13.794650,7.369e+6,
13.800367,7.032e+6,
13.806350,6.595e+6,
13.812317,6.178e+6,
13.818050,5.862e+6,
13.824017,5.673e+6,
13.830000,5.596e+6,
13.835983,5.478e+6,
13.841700,5.480e+6,
13.847683,5.477e+6,
13.853667,5.424e+6,
13.859383,5.359e+6,
13.865367,5.206e+6,
13.871350,5.155e+6,
13.877317,5.118e+6,
13.883050,5.218e+6,
13.889017,5.286e+6,
13.895000,5.232e+6,
13.900717,5.290e+6,
13.906700,5.352e+6,
13.912683,5.561e+6,
13.918400,5.599e+6,
13.924383,5.536e+6,
13.930367,5.229e+6,
13.936350,5.151e+6,
13.942067,4.918e+6,
13.948050,4.910e+6,
13.954033,4.854e+6,
13.959750,4.725e+6,
13.965733,4.732e+6,
13.971700,4.589e+6,
13.977683,4.693e+6,
13.983400,4.747e+6,
13.989383,4.894e+6,
13.995367,5.017e+6,
14.001083,5.025e+6,
14.007067,5.138e+6,
14.013050,5.449e+6,
14.018767,5.858e+6,
14.024750,6.110e+6,
14.030733,6.258e+6,
14.036700,6.302e+6,
14.042433,6.321e+6,
14.048400,6.180e+6,
14.054383,6.153e+6,
14.060100,6.537e+6,
14.066083,8.039e+6,
14.072067,1.092e+7,
14.077783,1.529e+7,
14.083767,2.092e+7,
14.089750,2.743e+7,
14.095733,3.327e+7,
14.101450,3.699e+7,
14.107433,3.759e+7,
14.113400,3.509e+7,
14.119133,3.001e+7,
14.125100,2.365e+7,
14.131083,1.755e+7,
14.137067,1.308e+7,
14.142783,9.830e+6,
14.148767,8.094e+6,
14.154750,6.957e+6,
14.160467,6.578e+6,
14.166450,6.315e+6,
14.172433,6.316e+6,
14.178150,6.397e+6,
14.184133,6.281e+6,
14.190100,6.068e+6,
14.196083,5.880e+6,
14.201800,5.664e+6,
14.207783,5.500e+6,
14.213767,5.371e+6,
14.219483,5.357e+6,
14.225467,5.313e+6,
14.231450,5.155e+6,
14.237433,4.956e+6,
14.243150,4.877e+6,
14.249133,4.743e+6,
14.255100,4.696e+6,
14.260833,4.676e+6,
14.266800,4.682e+6,
14.272783,4.719e+6,
14.278767,4.760e+6,
14.284483,4.955e+6,
14.290467,5.217e+6,
14.296450,5.408e+6,
14.302167,5.636e+6,
14.308150,6.046e+6,
14.314133,6.385e+6,
14.319850,6.618e+6,
14.325833,6.543e+6,
14.331800,6.400e+6,
14.337783,6.086e+6,
14.343500,5.692e+6,
14.349483,5.333e+6,
14.355467,5.119e+6,
14.361183,4.991e+6,
14.367167,4.829e+6,
14.373150,4.752e+6,
14.378867,4.680e+6,
14.384850,4.738e+6,
14.390833,5.009e+6,
14.396800,5.500e+6,
14.402533,6.030e+6,
14.408500,6.463e+6,
14.414483,6.908e+6,
14.420200,7.355e+6,
14.426183,7.419e+6,
14.432167,7.205e+6,
14.438150,6.736e+6,
14.443867,6.269e+6,
14.449850,5.818e+6,
14.455833,5.481e+6,
14.461550,5.234e+6,
14.467533,5.018e+6,
14.473517,4.739e+6,
14.479483,4.594e+6,
14.485217,4.491e+6,
14.491183,4.541e+6,
14.497167,4.577e+6,
14.502883,4.617e+6,
14.508867,4.530e+6,
14.514850,4.596e+6,
14.520567,4.506e+6,
14.526550,4.554e+6,
14.532533,4.460e+6,
14.538517,4.385e+6,
14.544233,4.304e+6,
14.550217,4.291e+6,
14.556183,4.323e+6,
14.561917,4.388e+6,
14.567883,4.342e+6,
14.573867,4.428e+6,
14.579850,4.327e+6,
14.585567,4.430e+6,
14.591550,4.500e+6,
14.597533,4.699e+6,
14.603250,4.838e+6,
14.609233,5.047e+6,
14.615217,5.312e+6,
14.621183,5.360e+6,
14.626917,5.345e+6,
14.632883,5.091e+6,
14.638867,4.967e+6,
14.644583,4.784e+6,
14.650567,4.720e+6,
14.656550,4.708e+6,
14.662267,4.688e+6,
14.668250,4.819e+6,
14.674233,4.942e+6,
14.680217,5.424e+6,
14.685933,6.073e+6,
14.691917,7.154e+6,
14.697883,8.259e+6,
14.703617,9.047e+6,
14.709583,9.564e+6,
14.715567,9.307e+6,
14.721550,8.826e+6,
14.727267,7.816e+6,
14.733250,6.995e+6,
14.739233,6.233e+6,
14.744950,5.616e+6,
14.750933,5.104e+6,
14.756917,4.742e+6,
14.762883,4.605e+6,
14.768617,4.668e+6,
14.774583,4.693e+6,
14.780567,4.534e+6,
14.786283,4.349e+6,
14.792267,4.359e+6,
14.798250,4.311e+6,
14.803967,4.439e+6,
14.809950,4.368e+6,
14.815933,4.603e+6,
14.821917,4.621e+6,
14.827633,4.745e+6,
14.833617,4.728e+6,
14.839583,4.694e+6,
14.845317,4.430e+6,
14.851283,4.360e+6,
14.857267,4.304e+6,
14.863250,4.434e+6,
14.868967,4.429e+6,
14.874950,4.426e+6,
14.880933,4.607e+6,
14.886650,4.800e+6,
14.892633,4.994e+6,
14.898617,5.226e+6,
14.904333,5.220e+6,
14.910317,5.051e+6,
14.916283,4.775e+6,
14.922267,4.715e+6,
14.927983,4.651e+6,
14.933967,4.438e+6,
14.939950,4.202e+6,
14.945667,4.054e+6,
14.951650,4.026e+6,
14.957633,3.976e+6,
14.963617,3.919e+6,
14.969333,3.901e+6,
14.975317,3.932e+6,
14.981300,3.938e+6,
14.987017,4.000e+6,
14.993000,3.911e+6,
14.998967,3.916e+6,
15.004700,3.797e+6,
15.010667,3.797e+6,
15.016650,3.958e+6,
15.022633,4.056e+6,
15.028350,4.063e+6,
15.034333,3.965e+6,
15.040317,3.829e+6,
15.046033,3.862e+6,
15.052017,3.860e+6,
15.058000,3.942e+6,
15.063967,3.924e+6,
15.069700,4.057e+6,
15.075667,4.038e+6,
15.081650,4.072e+6,
15.087367,3.931e+6,
15.093350,3.904e+6,
15.099333,4.017e+6,
15.105050,4.073e+6,
15.111033,4.244e+6,
15.117017,4.218e+6,
15.123000,4.222e+6,
15.128717,4.239e+6,
15.134700,4.217e+6,
15.140667,4.172e+6,
15.146400,4.061e+6,
15.152367,3.998e+6,
15.158350,3.991e+6,
15.164333,3.964e+6,
15.170050,4.016e+6,
15.176033,4.014e+6,
15.182017,4.150e+6,
15.187733,4.379e+6,
15.193717,4.633e+6,
15.199700,4.847e+6,
15.205417,4.801e+6,
15.211400,4.920e+6,
15.217367,4.920e+6,
15.223350,4.962e+6,
15.229067,4.690e+6,
15.235050,4.594e+6,
15.241033,4.423e+6,
15.246750,4.402e+6,
15.252733,4.187e+6,
15.258717,4.195e+6,
15.264433,4.201e+6,
15.270417,4.308e+6,
15.276400,4.176e+6,
15.282367,4.023e+6,
15.288100,3.808e+6,
15.294067,3.694e+6,
15.300050,3.681e+6,
15.305767,3.687e+6,
15.311750,3.702e+6,
15.317733,3.699e+6,
15.323717,3.704e+6,
15.329433,3.806e+6,
15.335417,3.829e+6,
15.341400,3.906e+6,
15.347117,3.906e+6,
15.353100,3.909e+6,
15.359067,3.822e+6,
15.365050,3.803e+6,
15.370767,3.773e+6,
15.376750,3.784e+6,
15.382733,3.847e+6,
15.388450,3.917e+6,
15.394433,4.076e+6,
15.400417,4.105e+6,
15.406133,4.227e+6,
15.412117,4.255e+6,
15.418100,4.227e+6,
15.424067,4.114e+6,
15.429800,4.009e+6,
15.435767,3.959e+6,
15.441750,3.935e+6,
15.447467,3.889e+6,
15.453450,3.898e+6,
15.459433,3.929e+6,
15.465417,3.996e+6,
15.471133,3.934e+6,
15.477117,4.038e+6,
15.483100,4.013e+6,
15.488817,4.087e+6,
15.494800,4.193e+6,
15.500783,4.233e+6,
15.506750,4.141e+6,
15.512483,3.983e+6,
15.518450,3.998e+6,
15.524433,4.180e+6,
15.530150,4.156e+6,
15.536133,4.049e+6,
15.542117,4.005e+6,
15.547833,3.944e+6,
15.553817,3.945e+6,
15.559800,3.963e+6,
15.565783,4.138e+6,
15.571750,4.262e+6,
15.577483,4.452e+6,
15.583450,4.487e+6,
15.589433,4.689e+6,
15.595150,4.546e+6,
15.601133,4.439e+6,
15.607117,4.137e+6,
15.613100,4.109e+6,
15.618817,4.053e+6,
15.624800,4.052e+6,
15.630783,3.896e+6,
15.636500,3.922e+6,
15.642483,3.962e+6,
15.648450,4.236e+6,
15.654433,4.372e+6,
15.660150,4.641e+6,
15.666133,4.749e+6,
15.672117,4.846e+6,
15.677833,4.785e+6,
15.683817,4.785e+6,
15.689800,4.643e+6,
15.695783,4.494e+6,
15.701500,4.263e+6,
15.707483,4.190e+6,
15.713450,4.103e+6,
15.719183,4.016e+6,
15.725150,3.884e+6,
15.731133,3.892e+6,
15.736850,3.865e+6,
15.742833,3.860e+6,
15.748817,3.919e+6,
15.754800,4.039e+6,
15.760517,4.291e+6,
15.766500,4.404e+6,
15.772483,4.591e+6,
15.778200,4.665e+6,
15.784183,4.747e+6,
15.790150,4.693e+6,
15.795883,4.661e+6,
15.801850,4.556e+6,
15.807833,4.450e+6,
15.813817,4.261e+6,
15.819533,4.162e+6,
15.825517,3.973e+6,
15.831500,3.971e+6,
15.837217,3.931e+6,
15.843200,3.992e+6,
15.849183,3.870e+6,
15.855150,3.826e+6,
15.860883,3.790e+6,
15.866850,3.995e+6,
15.872833,4.239e+6,
15.878550,4.953e+6,
15.884533,6.319e+6,
15.890517,8.681e+6,
15.896233,1.166e+7,
15.902217,1.576e+7,
15.908200,2.016e+7,
15.914183,2.433e+7,
15.919900,2.663e+7,
15.925883,2.652e+7,
15.931850,2.425e+7,
15.937583,2.037e+7,
15.943550,1.629e+7,
15.949533,1.245e+7,
15.955250,9.660e+6,
15.961233,7.651e+6,
15.967217,6.433e+6,
15.973200,5.663e+6,
15.978917,5.274e+6,
15.984900,5.058e+6,
15.990883,4.914e+6,
15.996600,4.902e+6,
16.002583,5.101e+6,
16.008567,5.596e+6,
16.014533,6.316e+6,
16.020267,7.147e+6,
16.026233,8.113e+6,
16.032217,8.749e+6,
16.037933,9.140e+6,
16.043917,9.115e+6,
16.049900,8.749e+6,
16.055617,8.239e+6,
16.061600,7.540e+6,
16.067583,6.987e+6,
16.073567,6.406e+6,
16.079283,6.039e+6,
16.085267,5.737e+6,
16.091233,5.609e+6,
16.096967,5.333e+6,
16.102933,5.103e+6,
16.108917,4.860e+6,
16.114900,4.675e+6,
16.120617,4.602e+6,
16.126600,4.497e+6,
16.132583,4.446e+6,
16.138300,4.426e+6,
16.144283,4.340e+6,
16.150267,4.221e+6,
16.155983,4.145e+6,
16.161967,4.077e+6,
16.167933,4.168e+6,
16.173917,4.110e+6,
16.179633,4.259e+6,
16.185617,4.199e+6,
16.191600,4.200e+6,
16.197317,4.117e+6,
16.203300,4.116e+6,
16.209283,3.995e+6,
16.215000,3.831e+6,
16.220983,3.856e+6,
16.226967,3.901e+6,
16.232933,3.952e+6,
16.238667,3.874e+6,
16.244633,3.946e+6,
16.250617,3.988e+6,
16.256333,4.113e+6,
16.262317,4.207e+6,
16.268300,4.371e+6,
16.274283,4.530e+6,
16.280000,4.763e+6,
16.285983,5.184e+6,
16.291967,5.739e+6,
16.297683,6.219e+6,
16.303667,6.538e+6,
16.309633,6.601e+6,
16.315367,6.493e+6,
16.321333,6.111e+6,
16.327317,5.553e+6,
16.333300,5.057e+6,
16.339017,4.679e+6,
16.345000,4.403e+6,
16.350983,4.200e+6,
16.356700,4.100e+6,
16.362683,4.019e+6,
16.368667,3.971e+6,
16.374633,3.851e+6,
16.380367,3.812e+6,
16.386333,3.795e+6,
16.392317,3.796e+6,
16.398033,3.804e+6,
16.404017,3.807e+6,
16.410000,3.839e+6,
16.415717,3.892e+6,
16.421700,3.755e+6,
16.427683,3.750e+6,
16.433667,3.710e+6,
16.439383,3.869e+6,
16.445367,3.907e+6,
16.451333,3.997e+6,
16.457067,4.016e+6,
16.463033,4.114e+6,
16.469017,4.128e+6,
16.475000,4.094e+6,
16.480717,4.044e+6,
16.486700,3.963e+6,
16.492683,4.047e+6,
16.498400,4.089e+6,
16.504383,4.072e+6,
16.510367,3.963e+6,
16.516350,3.879e+6,
16.522067,3.797e+6,
16.528050,3.705e+6,
16.534017,3.633e+6,
16.539750,3.741e+6,
16.545717,3.869e+6,
16.551700,4.058e+6,
16.557417,4.027e+6,
16.563400,4.267e+6,
16.569383,4.295e+6,
16.575367,4.542e+6,
16.581083,4.385e+6,
16.587067,4.268e+6,
16.593050,4.186e+6,
16.598767,4.196e+6,
16.604750,4.277e+6,
16.610717,4.262e+6,
16.616450,4.303e+6,
16.622417,4.128e+6,
16.628400,4.015e+6,
16.634383,3.923e+6,
16.640100,3.954e+6,
16.646083,3.785e+6,
16.652067,3.774e+6,
16.657783,3.765e+6,
16.663767,3.967e+6,
16.669750,4.003e+6,
16.675717,4.284e+6,
16.681450,4.472e+6,
16.687417,4.577e+6,
16.693400,4.528e+6,
16.699117,4.460e+6,
16.705100,4.236e+6,
16.711083,4.105e+6,
16.716800,3.863e+6,
16.722783,3.944e+6,
16.728767,3.846e+6,
16.734750,3.894e+6,
16.740467,3.806e+6,
16.746450,3.862e+6,
16.752417,3.798e+6,
16.758150,3.845e+6,
16.764117,3.905e+6,
16.770100,4.013e+6,
16.776083,4.017e+6,
16.781800,3.897e+6,
16.787783,3.825e+6,
16.793767,3.717e+6,
16.799483,3.771e+6,
16.805467,3.761e+6,
16.811450,3.865e+6,
16.817167,3.887e+6,
16.823150,3.823e+6,
16.829117,3.736e+6,
16.835100,3.646e+6,
16.840817,3.738e+6,
16.846800,3.833e+6,
16.852783,3.918e+6,
16.858500,4.028e+6,
16.864483,4.046e+6,
16.870467,4.186e+6,
16.876450,4.464e+6,
16.882167,5.055e+6,
16.888150,5.738e+6,
16.894117,6.197e+6,
16.899850,6.544e+6,
16.905817,6.493e+6,
16.911800,6.192e+6,
16.917783,5.561e+6,
16.923500,5.123e+6,
16.929483,4.814e+6,
16.935467,4.545e+6,
16.941183,4.228e+6,
16.947167,4.084e+6,
16.953150,4.043e+6,
16.958867,4.177e+6,
16.964850,4.028e+6,
16.970817,4.072e+6,
16.976800,3.889e+6,
16.982517,3.994e+6,
16.988500,3.916e+6,
16.994483,3.883e+6,
17.000200,3.797e+6,
17.006183,3.733e+6,
17.012167,3.746e+6,
17.017883,3.908e+6,
17.023867,3.851e+6,
17.029850,3.781e+6,
17.035833,3.575e+6,
17.041550,3.640e+6,
17.047533,3.666e+6,
17.053500,3.674e+6,
17.059233,3.612e+6,
17.065200,3.560e+6,
17.071183,3.634e+6,
17.076900,3.651e+6,
17.082883,3.606e+6,
17.088867,3.494e+6,
17.094850,3.489e+6,
17.100567,3.596e+6,
17.106550,3.671e+6,
17.112533,3.671e+6,
17.118250,3.566e+6,
17.124233,3.507e+6,
17.130200,3.537e+6,
17.136183,3.646e+6,
17.141900,3.742e+6,
17.147883,3.900e+6,
17.153867,4.135e+6,
17.159583,4.339e+6,
17.165567,4.611e+6,
17.171550,4.874e+6,
17.177267,5.367e+6,
17.183250,5.726e+6,
17.189233,6.270e+6,
17.195200,6.879e+6,
17.200933,7.718e+6,
17.206900,8.412e+6,
17.212883,8.730e+6,
17.218600,8.753e+6,
17.224583,8.549e+6,
17.230567,8.006e+6,
17.236550,7.286e+6,
17.242267,6.266e+6,
17.248250,5.597e+6,
17.254233,4.923e+6,
17.259950,4.539e+6,
17.265933,4.245e+6,
17.271900,4.091e+6,
17.277633,4.045e+6,
17.283600,3.957e+6,
17.289583,3.963e+6,
17.295567,3.879e+6,
17.301283,3.819e+6,
17.307267,3.729e+6,
17.313250,3.731e+6,
17.318967,3.826e+6,
17.324950,3.905e+6,
17.330933,4.141e+6,
17.336900,4.231e+6,
17.342633,4.313e+6,
17.348600,4.193e+6,
17.354583,4.101e+6,
17.360300,4.005e+6,
17.366550,3.941e+6,
17.372533,3.819e+6,
17.378500,3.768e+6,
17.384233,3.691e+6,
17.390200,3.698e+6,
17.396183,3.769e+6,
17.401900,3.842e+6,
17.407883,3.728e+6,
17.413867,3.667e+6,
17.419850,3.576e+6,
17.425567,3.723e+6,
17.431550,3.696e+6,
17.437533,3.749e+6,
17.443250,3.725e+6,
17.449233,3.844e+6,
17.455200,4.030e+6,
17.461183,4.316e+6,
17.466900,4.600e+6,
17.472883,4.774e+6,
17.478867,4.769e+6,
17.484583,4.686e+6,
17.490567,4.606e+6,
17.496550,4.550e+6,
17.502533,4.314e+6,
17.508250,4.189e+6,
17.514233,4.001e+6,
17.520200,3.966e+6,
17.525933,3.879e+6,
17.531900,3.881e+6,
17.537883,3.824e+6,
17.543867,3.779e+6,
17.549583,3.779e+6,
17.555567,3.743e+6,
17.561550,3.674e+6,
17.567267,3.622e+6,
17.573250,3.609e+6,
17.579233,3.532e+6,
17.584950,3.407e+6,
17.590933,3.354e+6,
17.596917,3.340e+6,
17.602883,3.465e+6,
17.608617,3.468e+6,
17.614583,3.405e+6,
17.620567,3.375e+6,
17.626283,3.547e+6,
17.632267,3.613e+6,
17.638250,3.508e+6,
17.643967,3.407e+6,
17.649950,3.460e+6,
17.655933,3.515e+6,
17.661917,3.494e+6,
17.667633,3.372e+6,
17.673617,3.450e+6,
17.679583,3.435e+6,
17.685317,3.580e+6,
17.691283,3.631e+6,
17.697267,3.654e+6,
17.703250,3.666e+6,
17.708967,3.648e+6,
17.714950,3.706e+6,
17.720933,3.662e+6,
17.726650,3.666e+6,
17.732633,3.624e+6,
17.738617,3.630e+6,
17.744333,3.628e+6,
17.750317,3.624e+6,
17.756283,3.617e+6,
17.762267,3.600e+6,
17.767983,3.544e+6,
17.773967,3.538e+6,
17.779950,3.490e+6,
17.785667,3.517e+6,
17.791650,3.495e+6,
17.797633,3.362e+6,
17.803617,3.350e+6,
17.809333,3.388e+6,
17.815317,3.540e+6,
17.821283,3.558e+6,
17.827017,3.525e+6,
17.832983,3.314e+6,
17.838967,3.302e+6,
17.844683,3.290e+6,
17.850667,3.590e+6,
17.856650,3.545e+6,
17.862633,3.541e+6,
17.868350,3.424e+6,
17.874333,3.565e+6,
17.880317,3.652e+6,
17.886033,3.741e+6,
17.892017,3.773e+6,
17.897983,3.834e+6,
17.903967,3.703e+6,
17.909683,3.648e+6,
17.915667,3.587e+6,
17.921650,3.621e+6,
17.927367,3.576e+6,
17.933350,3.567e+6,
17.939333,3.578e+6,
17.945317,3.696e+6,
17.951033,3.702e+6,
17.957017,3.681e+6,
17.962983,3.648e+6,
17.968717,3.605e+6,
17.974683,3.593e+6,
17.980667,3.461e+6,
17.986383,3.496e+6,
17.992367,3.548e+6,
17.998350,3.596e+6,
18.004333,3.571e+6,
18.010050,3.532e+6,
18.016033,3.439e+6,
18.022017,3.449e+6,
18.027733,3.412e+6,
18.033717,3.542e+6,
18.039683,3.490e+6,
18.045417,3.487e+6,
18.051383,3.474e+6,
18.057367,3.450e+6,
18.063350,3.545e+6,
18.069067,3.479e+6,
18.075050,3.547e+6,
18.081033,3.509e+6,
18.086750,3.633e+6,
18.092733,3.635e+6,
18.098717,3.591e+6,
18.104700,3.424e+6,
18.110417,3.375e+6,
18.116400,3.445e+6,
18.122367,3.522e+6,
18.128100,3.549e+6,
18.134067,3.507e+6,
18.140050,3.495e+6,
18.146033,3.464e+6,
18.151750,3.473e+6,
18.157733,3.445e+6,
18.163717,3.462e+6,
18.169433,3.373e+6,
18.175417,3.447e+6,
18.181400,3.583e+6,
18.187117,3.634e+6,
18.193100,3.581e+6,
18.199067,3.550e+6,
18.205050,3.595e+6,
18.210767,3.485e+6,
18.216750,3.291e+6,
18.222733,3.287e+6,
18.228450,3.492e+6,
18.234433,3.697e+6,
18.240417,3.830e+6,
18.246400,3.844e+6,
18.252117,3.872e+6,
18.258100,3.766e+6,
18.264067,3.666e+6,
18.269800,3.544e+6,
18.275767,3.525e+6,
18.281750,3.483e+6,
18.287467,3.457e+6,
18.293450,3.346e+6,
18.299433,3.291e+6,
18.305417,3.278e+6,
18.311133,3.247e+6,
18.317117,3.287e+6,
18.323100,3.204e+6,
18.328817,3.209e+6,
18.334800,3.145e+6,
18.340767,3.153e+6,
18.346500,3.243e+6,
18.352467,3.316e+6,
18.358450,3.379e+6,
18.364433,3.392e+6,
18.370150,3.376e+6,
18.376133,3.356e+6,
18.382117,3.392e+6,
18.387833,3.431e+6,
18.393817,3.460e+6,
18.399800,3.391e+6,
18.405767,3.418e+6,
18.411500,3.429e+6,
18.417467,3.467e+6,
18.423450,3.505e+6,
18.429167,3.459e+6,
18.435150,3.503e+6,
18.441133,3.419e+6,
18.446850,3.529e+6,
18.452833,3.484e+6,
18.458817,3.503e+6,
18.464800,3.316e+6,
18.470517,3.373e+6,
18.476500,3.289e+6,
18.482467,3.354e+6,
18.488200,3.273e+6,
18.494167,3.349e+6,
18.500150,3.382e+6,
18.506133,3.247e+6,
18.511850,3.139e+6,
18.517833,3.107e+6,
18.523817,3.241e+6,
18.529533,3.280e+6,
18.535517,3.297e+6,
18.541500,3.272e+6,
18.547217,3.300e+6,
18.553200,3.310e+6,
18.559167,3.355e+6,
18.565150,3.391e+6,
18.570867,3.372e+6,
18.576850,3.274e+6,
18.582833,3.198e+6,
18.588550,3.344e+6,
18.594533,3.429e+6,
18.600517,3.530e+6,
18.606500,3.420e+6,
18.612217,3.371e+6,
18.618200,3.353e+6,
18.624183,3.370e+6,
18.629900,3.378e+6,
18.635883,3.380e+6,
18.641850,3.288e+6,
18.647583,3.290e+6,
18.653550,3.276e+6,
18.659533,3.379e+6,
18.665517,3.480e+6,
18.671233,3.511e+6,
18.677217,3.549e+6,
18.683200,3.514e+6,
18.688917,3.637e+6,
18.694900,3.872e+6,
18.700883,4.142e+6,
18.706850,4.351e+6,
18.712583,4.643e+6,
18.718550,5.019e+6,
18.724533,5.351e+6,
18.730250,5.550e+6,
18.736233,5.604e+6,
18.742217,5.448e+6,
18.747933,5.091e+6,
18.753917,4.671e+6,
18.759900,4.339e+6,
18.765883,4.112e+6,
18.771600,3.936e+6,
18.777583,3.892e+6,
18.783550,3.683e+6,
18.789283,3.591e+6,
18.795250,3.418e+6,
18.801233,3.412e+6,
18.806950,3.340e+6,
18.812933,3.419e+6,
18.818917,3.568e+6,
18.824900,3.693e+6,
18.830617,3.666e+6,
18.836600,3.654e+6,
18.842583,3.708e+6,
18.848300,3.826e+6,
18.854283,3.825e+6,
18.860250,3.681e+6,
18.866233,3.604e+6,
18.871950,3.552e+6,
18.877933,3.539e+6,
18.883917,3.473e+6,
18.889633,3.364e+6,
18.895617,3.381e+6,
18.901600,3.374e+6,
18.907583,3.402e+6,
18.913300,3.447e+6,
18.919283,3.449e+6,
18.925250,3.563e+6,
18.930983,3.688e+6,
18.936950,3.753e+6,
18.942933,3.818e+6,
18.948650,3.911e+6,
18.954633,4.138e+6,
18.960617,4.537e+6,
18.966600,5.020e+6,
18.972317,5.541e+6,
18.978300,5.687e+6,
18.984283,5.666e+6,
18.990000,5.419e+6,
18.995983,5.054e+6,
19.001950,4.504e+6,
19.007683,4.100e+6,
19.013650,3.831e+6,
19.019633,3.729e+6,
19.025617,3.665e+6,
19.031333,3.614e+6,
19.037317,3.589e+6,
19.043300,3.576e+6,
19.049017,3.575e+6,
19.055000,3.548e+6,
19.060983,3.510e+6,
19.066950,3.442e+6,
19.072683,3.393e+6,
19.078650,3.374e+6,
19.084633,3.438e+6,
19.090350,3.450e+6,
19.096333,3.364e+6,
19.102317,3.374e+6,
19.108033,3.271e+6,
19.114017,3.405e+6,
19.120000,3.389e+6,
19.125983,3.439e+6,
19.131700,3.492e+6,
19.137683,3.403e+6,
19.143667,3.432e+6,
19.149383,3.294e+6,
19.155367,3.221e+6,
19.161333,3.238e+6,
19.167067,3.211e+6,
19.173033,3.296e+6,
19.179017,3.256e+6,
19.185000,3.310e+6,
19.190717,3.319e+6,
19.196700,3.464e+6,
19.202683,3.496e+6,
19.208400,3.659e+6,
19.214383,3.776e+6,
19.220367,3.865e+6,
19.226333,3.870e+6,
19.232067,3.851e+6,
19.238033,3.800e+6,
19.244017,3.897e+6,
19.249733,3.757e+6,
19.255717,3.717e+6,
19.261700,3.619e+6,
19.267417,3.763e+6,
19.273400,3.761e+6,
19.279383,3.680e+6,
19.285367,3.542e+6,
19.291083,3.581e+6,
19.297067,3.522e+6,
19.303033,3.537e+6,
19.308767,3.461e+6,
19.314733,3.556e+6,
19.320717,3.489e+6,
19.326700,3.515e+6,
19.332417,3.486e+6,
19.338400,3.328e+6,
19.344383,3.294e+6,
19.350100,3.249e+6,
19.356083,3.354e+6,
19.362067,3.272e+6,
19.367783,3.316e+6,
19.373767,3.262e+6,
19.379733,3.303e+6,
19.385717,3.189e+6,
19.391433,3.183e+6,
19.397417,3.137e+6,
19.403400,3.157e+6,
19.409117,3.242e+6,
19.415100,3.221e+6,
19.421083,3.261e+6,
19.427067,3.252e+6,
19.432783,3.382e+6,
19.438767,3.373e+6,
19.444733,3.454e+6,
19.450467,3.367e+6,
19.456433,3.401e+6,
19.462417,3.351e+6,
19.468133,3.392e+6,
19.474117,3.350e+6,
19.480100,3.381e+6,
19.486083,3.288e+6,
19.491800,3.235e+6,
19.497783,3.161e+6,
19.503767,3.105e+6,
19.509483,3.098e+6,
19.515467,3.103e+6,
19.521433,3.157e+6,
19.527167,3.193e+6,
19.533133,3.175e+6,
19.539117,3.320e+6,
19.545100,3.317e+6,
19.550817,3.283e+6,
19.556800,3.208e+6,
19.562783,3.222e+6,
19.568500,3.469e+6,
19.574483,3.757e+6,
19.580467,3.954e+6,
19.586183,4.037e+6,
19.592167,4.090e+6,
19.598133,4.269e+6,
19.604117,4.288e+6,
19.609833,4.180e+6,
19.615817,4.136e+6,
19.621800,4.027e+6,
19.627517,3.941e+6,
19.633500,3.768e+6,
19.639483,3.587e+6,
19.645467,3.463e+6,
19.651183,3.369e+6,
19.657167,3.306e+6,
19.663150,3.360e+6,
19.668867,3.424e+6,
19.674850,3.545e+6,
19.680817,3.554e+6,
19.686550,3.508e+6,
19.692517,3.539e+6,
19.698500,3.537e+6,
19.704483,3.366e+6,
19.710200,3.283e+6,
19.716183,3.171e+6,
19.722167,3.276e+6,
19.727883,3.274e+6,
19.733867,3.354e+6,
19.739850,3.339e+6,
19.745817,3.321e+6,
19.751550,3.152e+6,
19.757517,3.164e+6,
19.763500,3.161e+6,
19.769217,3.385e+6,
19.775200,3.531e+6,
19.781183,3.570e+6,
19.787167,3.572e+6,
19.792883,3.509e+6,
19.798867,3.633e+6,
19.804850,3.586e+6,
19.810567,3.460e+6,
19.816550,3.349e+6,
19.822517,3.326e+6,
19.828500,3.345e+6,
19.834217,3.357e+6,
19.840200,3.381e+6,
19.846183,3.483e+6,
19.851900,3.480e+6,
19.857883,3.504e+6,
19.863867,3.578e+6,
19.869583,3.792e+6,
19.875567,4.076e+6,
19.881550,4.369e+6,
19.887517,4.811e+6,
19.893250,5.416e+6,
19.899217,6.119e+6,
19.905200,6.656e+6,
19.910917,7.060e+6,
19.916900,7.174e+6,
19.922883,6.843e+6,
19.928600,6.358e+6,
19.934583,5.629e+6,
19.940567,5.162e+6,
19.946550,4.474e+6,
19.952267,4.148e+6,
19.958250,3.909e+6,
19.964217,3.829e+6,
19.969950,3.669e+6,
19.975917,3.497e+6,
19.981900,3.432e+6,
19.987883,3.502e+6,
19.993600,3.751e+6,
19.999583,3.988e+6,
20.005567,4.315e+6,
20.011283,4.534e+6,
20.017267,4.771e+6,
20.023250,4.772e+6,
20.028967,4.762e+6,
20.034950,4.592e+6,
20.040917,4.390e+6,
20.046900,4.135e+6,
20.052617,3.900e+6,
20.058600,3.651e+6,
20.064583,3.546e+6,
20.070300,3.483e+6,
20.076283,3.520e+6,
20.082267,3.518e+6,
20.087983,3.489e+6,
20.093967,3.462e+6,
20.099950,3.395e+6,
20.105917,3.424e+6,
20.111650,3.527e+6,
20.117617,3.557e+6,
20.123600,3.553e+6,
20.129317,3.494e+6,
20.135300,3.518e+6,
20.141283,3.560e+6,
20.147267,3.478e+6,
20.152983,3.402e+6,
20.158967,3.399e+6,
20.164950,3.439e+6,
20.170667,3.434e+6,
20.176650,3.444e+6,
20.182633,3.466e+6,
20.188600,3.380e+6,
20.194333,3.113e+6,
20.200300,3.015e+6,
20.206283,3.049e+6,
20.212000,3.196e+6,
20.217983,3.218e+6,
20.223967,3.271e+6,
20.229683,3.198e+6,
20.235667,3.241e+6,
20.241650,3.298e+6,
20.247633,3.385e+6,
20.253350,3.419e+6,
20.259333,3.387e+6,
20.265300,3.547e+6,
20.271033,3.687e+6,
20.277000,3.855e+6,
20.282983,3.903e+6,
20.288967,3.921e+6,
20.294683,3.876e+6,
20.300667,3.766e+6,
20.306650,3.618e+6,
20.312367,3.536e+6,
20.318350,3.455e+6,
20.324333,3.511e+6,
20.330050,3.459e+6,
20.336033,3.477e+6,
20.342000,3.426e+6,
20.347983,3.348e+6,
20.353700,3.305e+6,
20.359683,3.183e+6,
20.365667,3.187e+6,
20.371383,3.177e+6,
20.377367,3.134e+6,
20.383350,3.150e+6,
20.389333,3.150e+6,
20.395050,3.270e+6,
20.401033,3.319e+6,
20.407000,3.437e+6,
20.412733,3.514e+6,
20.418700,3.500e+6,
20.424683,3.387e+6,
20.430400,3.228e+6,
20.436383,3.236e+6,
20.442367,3.344e+6,
20.448350,3.448e+6,
20.454067,3.496e+6,
20.460050,3.551e+6,
20.466033,3.638e+6,
20.471750,3.563e+6,
20.477733,3.525e+6,
20.483700,3.499e+6,
20.489683,3.665e+6,
20.495400,3.667e+6,
20.501383,3.584e+6,
20.507367,3.526e+6,
20.513083,3.497e+6,
20.519067,3.538e+6,
20.525050,3.530e+6,
20.531033,3.456e+6,
20.536750,3.502e+6,
20.542733,3.508e+6,
20.548700,3.594e+6,
20.554433,3.513e+6,
20.560400,3.460e+6,
20.566383,3.471e+6,
20.572100,3.622e+6,
20.578083,3.736e+6,
20.584067,3.787e+6,
20.590050,3.746e+6,
20.595767,3.828e+6,
20.601750,3.955e+6,
20.607733,4.083e+6,
20.613450,4.090e+6,
20.619433,4.021e+6,
20.625400,3.975e+6,
20.631383,3.818e+6,
20.637100,3.785e+6,
20.643083,3.683e+6,
20.649067,3.647e+6,
20.654783,3.616e+6,
20.660767,3.555e+6,
20.666750,3.572e+6,
20.672733,3.566e+6,
20.678450,3.669e+6,
20.684433,3.681e+6,
20.690417,3.693e+6,
20.696133,3.791e+6,
20.702117,3.856e+6,
20.708083,3.917e+6,
20.713817,3.814e+6,
20.719783,3.785e+6,
20.725767,3.699e+6,
20.731750,3.698e+6,
20.737467,3.586e+6,
20.743450,3.437e+6,
20.749433,3.394e+6,
20.755150,3.393e+6,
20.761133,3.557e+6,
20.767117,3.545e+6,
20.773083,3.708e+6,
20.778817,3.693e+6,
20.784783,3.717e+6,
20.790767,3.612e+6,
20.796483,3.562e+6,
20.802467,3.472e+6,
20.808450,3.388e+6,
20.814167,3.335e+6,
20.820150,3.260e+6,
20.826133,3.328e+6,
20.832117,3.311e+6,
20.837833,3.353e+6,
20.843817,3.216e+6,
20.849783,3.195e+6,
20.855517,3.136e+6,
20.861483,3.206e+6,
20.867467,3.207e+6,
20.873183,3.373e+6,
20.879167,3.392e+6,
20.885150,3.350e+6,
20.891133,3.210e+6,
20.896850,3.215e+6,
20.902833,3.268e+6,
20.908817,3.490e+6,
20.914533,3.549e+6,
20.920517,3.671e+6,
20.926483,3.630e+6,
20.932217,3.644e+6,
20.938183,3.599e+6,
20.944167,3.652e+6,
20.950150,3.733e+6,
20.955867,3.804e+6,
20.961850,3.706e+6,
20.967833,3.771e+6,
20.973550,3.660e+6,
20.979533,3.615e+6,
20.985517,3.354e+6,
20.991483,3.322e+6,
20.997217,3.364e+6,
21.003183,3.524e+6,
21.009167,3.608e+6,
21.014883,3.601e+6,
21.020867,3.587e+6,
21.026850,3.612e+6,
21.032833,3.641e+6,
21.038550,3.674e+6,
21.044533,3.678e+6,
21.050517,3.740e+6,
21.056233,3.835e+6,
21.062217,3.965e+6,
21.068183,4.126e+6,
21.074167,4.297e+6,
21.079883,4.740e+6,
21.085867,5.555e+6,
21.091850,6.928e+6,
21.097567,8.793e+6,
21.103550,1.083e+7,
21.109533,1.247e+7,
21.115250,1.399e+7,
21.121233,1.456e+7,
21.127217,1.450e+7,
21.133183,1.318e+7,
21.138917,1.150e+7,
21.144883,9.915e+6,
21.150867,8.474e+6,
21.156583,7.335e+6,
21.162567,6.438e+6,
21.168550,5.799e+6,
21.174533,5.438e+6,
21.180250,5.106e+6,
21.186233,4.826e+6,
21.192217,4.659e+6,
21.197933,4.451e+6,
21.203917,4.394e+6,
21.209900,4.239e+6,
21.215617,4.218e+6,
21.221600,4.184e+6,
21.227567,4.249e+6,
21.233550,4.319e+6,
21.239267,4.422e+6,
21.245250,4.603e+6,
21.251233,4.824e+6,
21.256950,5.091e+6,
21.262933,5.236e+6,
21.268917,5.276e+6,
21.274900,5.295e+6,
21.280617,5.316e+6,
21.286600,5.302e+6,
21.292567,5.127e+6,
21.298300,5.065e+6,
21.304267,4.862e+6,
21.310250,4.881e+6,
21.315967,4.679e+6,
21.321950,4.652e+6,
21.327933,4.541e+6,
21.333917,4.582e+6,
21.339633,4.621e+6,
21.345617,4.482e+6,
21.351600,4.357e+6,
21.357317,4.312e+6,
21.363300,4.408e+6,
21.369267,4.324e+6,
21.375250,4.194e+6,
21.380967,4.053e+6,
21.386950,4.157e+6,
21.392933,4.269e+6,
21.398650,4.351e+6,
21.404633,4.421e+6,
21.410617,4.703e+6,
21.416333,5.139e+6,
21.422317,5.592e+6,
21.428300,5.925e+6,
21.434267,6.078e+6,
21.440000,5.941e+6,
21.445967,5.524e+6,
21.451950,5.111e+6,
21.457667,4.739e+6,
21.463650,4.517e+6,
21.469633,4.221e+6,
21.475617,3.986e+6,
21.481333,3.815e+6,
21.487317,3.724e+6,
21.493300,3.790e+6,
21.499017,3.680e+6,
21.505000,3.726e+6,
21.510967,3.642e+6,
21.516700,3.712e+6,
21.522667,3.730e+6,
21.528650,3.808e+6,
21.534633,3.767e+6,
21.540350,3.738e+6,
21.546333,3.779e+6,
21.552317,3.748e+6,
21.558033,3.646e+6,
21.564017,3.474e+6,
21.570000,3.593e+6,
21.575717,3.746e+6,
21.581700,3.952e+6,
21.587667,4.122e+6,
21.593650,4.302e+6,
21.599367,4.527e+6,
21.605350,4.861e+6,
21.611333,5.392e+6,
21.617050,5.927e+6,
21.623033,6.488e+6,
21.629017,6.663e+6,
21.635000,6.663e+6,
21.640717,6.266e+6,
21.646700,5.803e+6,
21.652667,5.157e+6,
21.658400,4.508e+6,
21.664367,4.131e+6,
21.670350,4.002e+6,
21.676067,4.046e+6,
21.682050,4.043e+6,
21.688033,3.993e+6,
21.694017,3.872e+6,
21.699733,3.764e+6,
21.705717,3.816e+6,
21.711700,3.852e+6,
21.717417,3.956e+6,
21.723400,4.057e+6,
21.729383,4.087e+6,
21.735100,4.070e+6,
21.741083,3.862e+6,
21.747050,3.847e+6,
21.753033,3.739e+6,
21.758750,3.839e+6,
21.764733,3.795e+6,
21.770717,3.771e+6,
21.776433,3.647e+6,
21.782417,3.627e+6,
21.788400,3.680e+6,
21.794383,3.619e+6,
21.800100,3.429e+6,
21.806083,3.270e+6,
21.812050,3.247e+6,
21.817783,3.326e+6,
21.823750,3.385e+6,
21.829733,3.409e+6,
21.835717,3.353e+6,
21.841433,3.298e+6,
21.847417,3.314e+6,
21.853400,3.468e+6,
21.859117,3.554e+6,
21.865100,3.586e+6,
21.871083,3.512e+6,
21.876800,3.594e+6,
21.882783,3.625e+6,
21.888750,3.876e+6,
21.894733,4.379e+6,
21.900450,5.722e+6,
21.906433,8.382e+6,
21.912417,1.346e+7,
21.918133,2.166e+7,
21.924117,3.336e+7,
21.930100,4.940e+7,
21.936083,6.859e+7,
21.941800,8.735e+7,
21.947783,9.895e+7,
21.953750,1.004e+8,
21.959483,9.231e+7,
21.965450,7.812e+7,
21.971433,6.054e+7,
21.977150,4.325e+7,
21.983133,2.912e+7,
21.989117,1.928e+7,
21.995100,1.337e+7,
22.000817,9.787e+6,
22.006800,7.991e+6,
22.012783,6.688e+6,
22.018500,6.167e+6,
22.024483,5.754e+6,
22.030450,5.630e+6,
22.036433,5.276e+6,
22.042150,5.066e+6,
22.048133,4.958e+6,
22.054117,4.822e+6,
22.059833,4.771e+6,
22.065817,4.771e+6,
22.071800,4.972e+6,
22.077517,5.642e+6,
22.083500,6.746e+6,
22.089483,8.416e+6,
22.095450,1.032e+7,
22.101183,1.236e+7,
22.107150,1.454e+7,
22.113133,1.591e+7,
22.118850,1.636e+7,
22.124833,1.530e+7,
22.130817,1.359e+7,
22.136800,1.123e+7,
22.142517,9.251e+6,
22.148500,7.435e+6,
22.154483,6.315e+6,
22.160200,5.393e+6,
22.166183,4.933e+6,
22.172150,4.676e+6,
22.178133,4.454e+6,
22.183850,4.398e+6,
22.189833,4.362e+6,
22.195817,4.327e+6,
22.201533,4.278e+6,
22.207517,4.018e+6,
22.213500,3.978e+6,
22.219217,3.920e+6,
22.225200,4.028e+6,
22.231183,3.975e+6,
22.237167,3.800e+6,
22.242883,3.815e+6,
22.248867,3.770e+6,
22.254833,3.837e+6,
22.260567,3.729e+6,
22.266533,3.665e+6,
22.272517,3.692e+6,
22.278233,3.750e+6,
22.284217,3.796e+6,
22.290200,3.785e+6,
22.296183,3.711e+6,
22.301900,3.721e+6,
22.307883,3.776e+6,
22.313867,3.901e+6,
22.319583,4.015e+6,
22.325567,3.918e+6,
22.331533,4.103e+6,
22.337517,4.192e+6,
22.343233,4.676e+6,
22.349217,5.137e+6,
22.355200,5.830e+6,
22.360917,6.612e+6,
22.366900,7.244e+6,
22.372883,8.071e+6,
22.378867,8.572e+6,
22.384583,8.957e+6,
22.390567,8.890e+6,
22.396533,8.785e+6,
22.402267,8.353e+6,
22.408233,7.694e+6,
22.414217,6.834e+6,
22.420200,6.132e+6,
22.425917,5.522e+6,
22.431900,4.931e+6,
22.437883,4.591e+6,
22.443600,4.388e+6,
22.449583,4.321e+6,
22.455567,4.411e+6,
22.461283,4.612e+6,
22.467267,5.504e+6,
22.473233,7.285e+6,
22.479217,1.180e+7,
22.484933,2.030e+7,
22.490917,3.592e+7,
22.496900,6.214e+7,
22.502617,1.017e+8,
22.508600,1.505e+8,
22.514583,1.995e+8,
22.520300,2.360e+8,
22.526283,2.513e+8,
22.532267,2.410e+8,
22.538233,2.106e+8,
22.543967,1.685e+8,
22.549933,1.261e+8,
22.555917,8.854e+7,
22.561633,5.986e+7,
22.567617,3.989e+7,
22.573600,2.752e+7,
22.579583,2.029e+7,
22.585300,1.586e+7,
22.591283,1.316e+7,
22.597267,1.136e+7,
22.602983,1.046e+7,
22.608967,9.592e+6,
22.614933,9.011e+6,
22.620667,8.401e+6,
22.626633,8.107e+6,
22.632617,7.643e+6,
22.638600,7.436e+6,
22.644317,7.571e+6,
22.650300,7.668e+6,
22.656283,7.587e+6,
22.662000,7.247e+6,
22.667983,7.200e+6,
22.673967,7.061e+6,
22.679933,6.798e+6,
22.685667,6.520e+6,
22.691633,6.232e+6,
22.697617,5.968e+6,
22.703333,5.760e+6,
22.709317,5.594e+6,
22.715300,5.486e+6,
22.721017,5.370e+6,
22.727000,5.333e+6,
22.732983,5.323e+6,
22.738967,5.227e+6,
22.744683,5.231e+6,
22.750667,5.113e+6,
22.756650,5.100e+6,
22.762367,4.951e+6,
22.768350,4.963e+6,
22.774317,4.945e+6,
22.780300,4.997e+6,
22.786017,5.028e+6,
22.792000,5.094e+6,
22.797983,4.982e+6,
22.803700,4.928e+6,
22.809683,4.679e+6,
22.815667,4.672e+6,
22.821650,4.657e+6,
22.827367,4.787e+6,
22.833350,4.801e+6,
22.839317,4.715e+6,
22.845050,4.814e+6,
22.851017,4.763e+6,
22.857000,4.866e+6,
22.862717,4.668e+6,
22.868700,4.711e+6,
22.874683,4.735e+6,
22.880667,4.726e+6,
22.886383,4.602e+6,
22.892367,4.454e+6,
22.898350,4.275e+6,
22.904067,4.255e+6,
22.910050,4.069e+6,
22.916017,4.109e+6,
22.921750,4.027e+6,
22.927717,4.176e+6,
22.933700,4.294e+6,
22.939683,4.558e+6,
22.945400,4.814e+6,
22.951383,5.209e+6,
22.957367,5.438e+6,
22.963083,5.634e+6,
22.969067,6.041e+6,
22.975050,6.668e+6,
22.981017,7.251e+6,
22.986750,7.664e+6,
22.992717,7.856e+6,
22.998700,7.910e+6,
23.004417,7.423e+6,
23.010400,6.857e+6,
23.016383,6.402e+6,
23.022367,6.005e+6,
23.028083,5.578e+6,
23.034067,4.986e+6,
23.040050,4.654e+6,
23.045767,4.291e+6,
23.051750,4.177e+6,
23.057717,4.063e+6,
23.063450,4.143e+6,
23.069417,4.137e+6,
23.075400,4.153e+6,
23.081383,4.136e+6,
23.087100,4.034e+6,
23.093083,3.995e+6,
23.099067,3.963e+6,
23.104783,4.033e+6,
23.110767,3.995e+6,
23.116750,4.052e+6,
23.122717,4.076e+6,
23.128450,4.217e+6,
23.134417,4.255e+6,
23.140400,4.351e+6,
23.146117,4.275e+6,
23.152100,4.094e+6,
23.158083,3.879e+6,
23.163800,3.732e+6,
23.169783,3.673e+6,
23.175767,3.715e+6,
23.181750,3.780e+6,
23.187467,3.912e+6,
23.193450,3.952e+6,
23.199417,3.882e+6,
23.205150,3.862e+6,
23.211117,3.837e+6,
23.217100,3.816e+6,
23.222817,3.665e+6,
23.228800,3.669e+6,
23.234783,3.878e+6,
23.240767,4.123e+6,
23.246483,4.267e+6,
23.252467,4.130e+6,
23.258450,4.010e+6,
23.264167,3.863e+6,
23.270150,3.881e+6,
23.276133,3.987e+6,
23.282100,3.943e+6,
23.287833,3.901e+6,
23.293800,3.736e+6,
23.299783,3.690e+6,
23.305500,3.666e+6,
23.311483,3.704e+6,
23.317467,3.607e+6,
23.323450,3.608e+6,
23.329167,3.533e+6,
23.335150,3.514e+6,
23.341133,3.535e+6,
23.346850,3.605e+6,
23.352833,3.777e+6,
23.358800,3.941e+6,
23.364533,4.083e+6,
23.370500,4.439e+6,
23.376483,4.638e+6,
23.382467,4.922e+6,
23.388183,4.966e+6,
23.394167,4.955e+6,
23.400150,4.906e+6,
23.405867,4.813e+6,
23.411850,4.560e+6,
23.417833,4.316e+6,
23.423550,4.011e+6,
23.429533,3.895e+6,
23.435500,3.820e+6,
23.441483,3.965e+6,
23.447200,4.009e+6,
23.453183,3.983e+6,
23.459167,3.875e+6,
23.464883,3.883e+6,
23.470867,3.813e+6,
23.476850,3.808e+6,
23.482567,3.747e+6,
23.488550,3.836e+6,
23.494533,3.744e+6,
23.500500,3.729e+6,
23.506233,3.587e+6,
23.512200,3.595e+6,
23.518183,3.582e+6,
23.523900,3.789e+6,
23.529883,3.825e+6,
23.535867,3.789e+6,
23.541850,3.787e+6,
23.547567,3.964e+6,
23.553550,4.195e+6,
23.559533,4.224e+6,
23.565250,4.169e+6,
23.571233,4.161e+6,
23.577200,4.319e+6,
23.582933,4.480e+6,
23.588900,4.585e+6,
23.594883,4.575e+6,
23.600867,4.534e+6,
23.606583,4.679e+6,
23.612567,4.738e+6,
23.618550,4.618e+6,
23.624267,4.326e+6,
23.630250,4.007e+6,
23.636233,3.919e+6,
23.642200,3.819e+6,
23.647933,3.772e+6,
23.653900,3.649e+6,
23.659883,3.612e+6,
23.665600,3.552e+6,
23.671583,3.560e+6,
23.677567,3.580e+6,
23.683283,4.070e+6,
23.689267,5.166e+6,
23.695250,7.560e+6,
23.701233,1.231e+7,
23.706950,2.156e+7,
23.712933,3.727e+7,
23.718900,6.177e+7,
23.724633,9.780e+7,
23.730600,1.409e+8,
23.736583,1.821e+8,
23.742567,2.111e+8,
23.748283,2.201e+8,
23.754267,2.060e+8,
23.760250,1.723e+8,
23.765967,1.293e+8,
23.771950,8.900e+7,
23.777933,5.716e+7,
23.783900,3.575e+7,
23.789633,2.311e+7,
23.795617,1.588e+7,
23.801583,1.205e+7,
23.807317,9.893e+6,
23.813283,8.612e+6,
23.819267,7.857e+6,
23.824983,7.446e+6,
23.830967,6.869e+6,
23.836950,6.441e+6,
23.842933,5.867e+6,
23.848650,5.590e+6,
23.854633,5.256e+6,
23.860617,5.138e+6,
23.866333,5.143e+6,
23.872317,5.171e+6,
23.878283,5.169e+6,
23.884267,4.991e+6,
23.889983,4.750e+6,
23.895967,4.599e+6,
23.901950,4.635e+6,
23.907667,4.765e+6,
23.913650,4.747e+6,
23.919633,4.617e+6,
23.925350,4.397e+6,
23.931333,4.420e+6,
23.937317,4.297e+6,
23.943283,4.347e+6,
23.949017,4.194e+6,
23.954983,4.228e+6,
23.960967,4.169e+6,
23.966683,4.180e+6,
23.972667,4.321e+6,
23.978650,4.287e+6,
23.984633,4.215e+6,
23.990350,4.025e+6,
23.996333,4.085e+6,
24.002317,4.109e+6,
24.008033,4.138e+6,
24.014017,4.159e+6,
24.019983,4.163e+6,
24.025967,4.219e+6,
24.031683,4.137e+6,
24.037667,4.144e+6,
24.043650,4.235e+6,
24.049367,4.224e+6,
24.055350,4.256e+6,
24.061333,4.195e+6,
24.067050,4.228e+6,
24.073033,4.211e+6,
24.079017,4.218e+6,
24.084983,4.272e+6,
24.090717,4.366e+6,
24.096683,4.397e+6,
24.102667,4.456e+6,
24.108383,4.405e+6,
24.114367,4.450e+6,
24.120350,4.464e+6,
24.126333,4.561e+6,
24.132050,4.547e+6,
24.138033,4.539e+6,
24.144017,4.334e+6,
24.149733,4.206e+6,
24.155717,4.156e+6,
24.161683,4.327e+6,
24.167417,4.441e+6,
24.173383,4.570e+6,
24.179367,4.624e+6,
24.185350,4.697e+6,
24.191067,4.917e+6,
24.197050,5.285e+6,
24.203033,5.788e+6,
24.208750,6.298e+6,
24.214733,6.803e+6,
24.220717,7.457e+6,
24.226683,7.772e+6,
24.232417,8.114e+6,
24.238383,8.011e+6,
24.244367,7.953e+6,
24.250083,7.307e+6,
24.256067,6.748e+6,
24.262050,6.194e+6,
24.267767,5.822e+6,
24.273750,5.464e+6,
24.279733,5.089e+6,
24.285717,4.972e+6,
24.291433,4.897e+6,
24.297417,4.879e+6,
24.303383,4.679e+6,
24.309117,4.641e+6,
24.315100,4.391e+6,
24.321067,4.469e+6,
24.327050,4.444e+6,
24.332767,4.690e+6,
24.338750,4.780e+6,
24.344733,5.081e+6,
24.350450,5.601e+6,
24.356433,6.735e+6,
24.362417,8.036e+6,
24.368133,9.691e+6,
24.374117,1.110e+7,
24.380100,1.253e+7,
24.386067,1.310e+7,
24.391800,1.284e+7,
24.397767,1.173e+7,
24.403750,1.022e+7,
24.409467,8.685e+6,
24.415450,7.170e+6,
24.421433,6.129e+6,
24.427417,5.420e+6,
24.433133,5.088e+6,
24.439117,4.820e+6,
24.445100,4.586e+6,
24.450817,4.300e+6,
24.456800,4.190e+6,
24.462767,4.161e+6,
24.468750,4.176e+6,
24.474467,4.034e+6,
24.480450,4.020e+6,
24.486433,3.928e+6,
24.492150,3.933e+6,
24.498133,3.795e+6,
24.504117,3.817e+6,
24.509833,3.869e+6,
24.515817,3.816e+6,
24.521800,3.764e+6,
24.527767,3.745e+6,
24.533500,3.715e+6,
24.539467,3.649e+6,
24.545450,3.583e+6,
24.551167,3.574e+6,
24.557150,3.619e+6,
24.563133,3.678e+6,
24.568850,3.892e+6,
24.574833,3.884e+6,
24.580817,3.799e+6,
24.586800,3.774e+6,
24.592517,3.870e+6,
24.598500,4.008e+6,
24.604467,4.104e+6,
24.610200,4.159e+6,
24.616167,4.190e+6,
24.622150,4.171e+6,
24.628133,4.276e+6,
24.633850,4.286e+6,
24.639833,4.282e+6,
24.645817,4.218e+6,
24.651533,4.224e+6,
24.657517,4.103e+6,
24.663500,3.962e+6,
24.669217,3.875e+6,
24.675200,3.817e+6,
24.681167,3.732e+6,
24.687150,3.665e+6,
24.692867,3.603e+6,
24.698850,3.619e+6,
24.704833,3.547e+6,
24.710550,3.624e+6,
24.716533,3.646e+6,
24.722517,3.554e+6,
24.728500,3.500e+6,
24.734217,3.422e+6,
24.740200,3.459e+6,
24.746167,3.449e+6,
24.751900,3.485e+6,
24.757867,3.509e+6,
24.763850,3.546e+6,
24.769567,3.582e+6,
24.775550,3.684e+6,
24.781533,3.574e+6,
24.787517,3.481e+6,
24.793233,3.421e+6,
24.799217,3.475e+6,
24.805200,3.423e+6,
24.810917,3.446e+6,
24.816900,3.413e+6,
24.822867,3.503e+6,
24.828850,3.454e+6,
24.834583,3.447e+6,
24.840550,3.420e+6,
24.846533,3.432e+6,
24.852250,3.460e+6,
24.858233,3.504e+6,
24.864217,3.426e+6,
24.869933,3.461e+6,
24.875917,3.364e+6,
24.881900,3.383e+6,
24.887883,3.353e+6,
24.893600,3.425e+6,
24.899583,3.550e+6,
24.905550,3.644e+6,
24.911283,3.735e+6,
24.917250,3.755e+6,
24.923233,3.645e+6,
24.928950,3.644e+6,
24.934933,3.532e+6,
24.940917,3.542e+6,
24.946900,3.579e+6,
24.952617,3.519e+6,
24.958600,3.506e+6,
24.964583,3.491e+6,
24.970300,3.763e+6,
24.976283,4.190e+6,
24.982250,4.730e+6,
24.987983,5.509e+6,
24.993950,6.468e+6,
24.999933,7.373e+6,
25.005917,8.356e+6,
25.011633,8.700e+6,
25.017617,9.075e+6,
25.023600,8.755e+6,
25.029317,8.323e+6,
25.035300,7.321e+6,
25.041283,6.297e+6,
25.047250,5.538e+6,
25.052983,4.848e+6,
25.058950,4.513e+6,
25.064933,4.160e+6,
25.070650,4.087e+6,
25.076633,3.925e+6,
25.082617,3.862e+6,
25.088600,3.750e+6,
25.094317,3.782e+6,
25.100300,3.754e+6,
25.106283,3.740e+6,
25.112000,3.562e+6,
25.117983,3.580e+6,
25.123950,3.707e+6,
25.129683,3.892e+6,
25.135650,3.978e+6,
25.141633,3.966e+6,
25.147617,3.996e+6,
25.153333,4.089e+6,
25.159317,4.096e+6,
25.165300,4.082e+6,
25.171017,3.986e+6,
25.177000,3.939e+6,
25.182983,3.813e+6,
25.188950,3.682e+6,
25.194683,3.642e+6,
25.200650,3.645e+6,
25.206633,3.638e+6,
25.212350,3.572e+6,
25.218333,3.471e+6,
25.224317,3.482e+6,
25.230033,3.581e+6,
25.236017,3.799e+6,
25.242000,3.872e+6,
25.247983,4.008e+6,
25.253700,3.955e+6,
25.259683,3.943e+6,
25.265650,3.799e+6,
25.271383,3.761e+6,
25.277350,3.693e+6,
25.283333,3.660e+6,
25.289050,3.590e+6,
25.295033,3.491e+6,
25.301017,3.385e+6,
25.307000,3.345e+6,
25.312717,3.386e+6,
25.318700,3.456e+6,
25.324683,3.502e+6,
25.330400,3.408e+6,
25.336383,3.420e+6,
25.342350,3.460e+6,
25.348333,3.545e+6,
25.354050,3.469e+6,
25.360033,3.413e+6,
25.366017,3.424e+6,
25.371733,3.347e+6,
25.377717,3.322e+6,
25.383700,3.279e+6,
25.389683,3.322e+6,
25.395400,3.334e+6,
25.401383,3.231e+6,
25.407367,3.172e+6,
25.413083,3.134e+6,
25.419067,3.231e+6,
25.425033,3.199e+6,
25.430767,3.178e+6,
25.436733,3.184e+6,
25.442717,3.274e+6,
25.448700,3.319e+6,
25.454417,3.260e+6,
25.460400,3.240e+6,
25.466383,3.166e+6,
25.472100,3.181e+6,
25.478083,3.224e+6,
25.484067,3.254e+6,
25.490033,3.309e+6,
25.495767,3.250e+6,
25.501733,3.265e+6,
25.507717,3.393e+6,
25.513433,3.624e+6,
25.519417,3.757e+6,
25.525400,3.837e+6,
25.531383,3.921e+6,
25.537100,4.218e+6,
25.543083,4.508e+6,
25.549067,5.007e+6,
25.554783,5.442e+6,
25.560767,5.992e+6,
25.566733,6.193e+6,
25.572467,6.263e+6,
25.578433,6.022e+6,
25.584417,5.776e+6,
25.590400,5.292e+6,
25.596383,4.944e+6,
25.602100,4.443e+6,
25.608083,4.215e+6,
25.614067,4.078e+6,
25.619783,4.026e+6,
25.625767,3.931e+6,
25.631733,3.671e+6,
25.637467,3.666e+6,
25.643433,3.750e+6,
25.649417,3.948e+6,
25.655400,4.238e+6,
25.661117,4.937e+6,
25.667100,6.440e+6,
25.673083,9.412e+6,
25.678800,1.432e+7,
25.684783,2.177e+7,
25.690767,3.129e+7,
25.696483,4.293e+7,
25.702467,5.447e+7,
25.708433,6.420e+7,
25.714417,6.818e+7,
25.720133,6.581e+7,
25.726117,5.738e+7,
25.732100,4.579e+7,
25.737817,3.435e+7,
25.743800,2.452e+7,
25.749783,1.724e+7,
25.755767,1.202e+7,
25.761483,8.973e+6,
25.767467,7.444e+6,
25.773433,6.744e+6,
25.779167,6.187e+6,
25.785133,5.884e+6,
25.791117,5.562e+6,
25.796833,5.415e+6,
25.802817,5.316e+6,
25.808800,5.247e+6,
25.814783,5.098e+6,
25.820500,4.980e+6,
25.826483,4.790e+6,
25.832467,4.763e+6,
25.838183,4.678e+6,
25.844167,4.861e+6,
25.850133,5.048e+6,
25.856117,5.692e+6,
25.861833,6.413e+6,
25.867817,8.098e+6,
25.873800,1.064e+7,
25.879517,1.402e+7,
25.885500,1.800e+7,
25.891483,2.166e+7,
25.897467,2.488e+7,
25.903183,2.620e+7,
25.909167,2.545e+7,
25.915150,2.301e+7,
25.920867,1.921e+7,
25.926850,1.536e+7,
25.932817,1.184e+7,
25.938800,9.274e+6,
25.944517,7.477e+6,
25.950500,6.189e+6,
25.956483,5.427e+6,
25.962200,5.072e+6,
25.968183,4.758e+6,
25.974167,4.583e+6,
25.979883,4.538e+6,
25.985867,4.525e+6,
25.991850,4.560e+6,
25.997817,4.453e+6,
26.003550,4.440e+6,
26.009517,4.315e+6,
26.015500,4.164e+6,
26.021217,4.070e+6,
26.027200,4.087e+6,
26.033183,4.047e+6,
26.038900,3.991e+6,
26.044883,3.892e+6,
26.050867,4.009e+6,
26.056850,4.048e+6,
26.062567,4.113e+6,
26.068550,3.977e+6,
26.074517,3.940e+6,
26.080250,3.928e+6,
26.086217,3.997e+6,
26.092200,4.050e+6,
26.098183,4.063e+6,
26.103900,3.979e+6,
26.109883,3.892e+6,
26.115867,3.855e+6,
26.121583,3.820e+6,
26.127567,3.871e+6,
26.133550,3.779e+6,
26.139517,3.752e+6,
26.145500,3.650e+6,
26.151217,3.647e+6,
26.157200,3.681e+6,
26.163183,3.731e+6,
26.169167,3.743e+6,
26.174883,3.737e+6,
26.180867,3.773e+6,
26.186850,3.780e+6,
26.192567,3.838e+6,
26.198550,3.850e+6,
26.204517,4.006e+6,
26.210500,4.094e+6,
26.216217,4.189e+6,
26.222200,4.044e+6,
26.228183,3.946e+6,
26.233900,3.774e+6,
26.239883,3.733e+6,
26.245867,3.732e+6,
26.251583,3.737e+6,
26.257567,3.690e+6,
26.263550,3.783e+6,
26.269517,3.961e+6,
26.275250,4.428e+6,
26.281217,5.101e+6,
26.287200,6.297e+6,
26.292917,7.918e+6,
26.298900,1.000e+7,
26.304883,1.211e+7,
26.310867,1.390e+7,
26.316583,1.497e+7,
26.322567,1.515e+7,
26.328550,1.422e+7,
26.334267,1.245e+7,
26.340250,1.028e+7,
26.346217,8.584e+6,
26.352200,7.260e+6,
26.357917,6.394e+6,
26.363900,5.755e+6,
26.369883,5.393e+6,
26.375600,5.270e+6,
26.381583,4.962e+6,
26.387567,4.711e+6,
26.393283,4.404e+6,
26.399267,4.369e+6,
26.405250,4.330e+6,
26.411233,4.220e+6,
26.416950,4.276e+6,
26.422933,4.081e+6,
26.428900,4.074e+6,
26.434633,3.929e+6,
26.440600,4.095e+6,
26.446583,4.309e+6,
26.452567,4.408e+6,
26.458283,4.385e+6,
26.464267,4.206e+6,
26.470250,4.191e+6,
26.475967,4.117e+6,
26.481950,4.072e+6,
26.487933,4.011e+6,
26.493650,3.984e+6,
26.499633,3.922e+6,
26.505600,3.851e+6,
26.511583,3.755e+6,
26.517300,3.769e+6,
26.523283,3.701e+6,
26.529267,3.712e+6,
26.534983,3.618e+6,
26.540967,3.601e+6,
26.546950,3.566e+6,
26.552933,3.544e+6,
26.558650,3.612e+6,
26.564633,3.660e+6,
26.570600,3.707e+6,
26.576333,3.696e+6,
26.582300,3.740e+6,
26.588283,3.857e+6,
26.594267,3.814e+6,
26.599983,3.813e+6,
26.605967,3.672e+6,
26.611950,3.655e+6,
26.617667,3.560e+6,
26.623650,3.529e+6,
26.629633,3.495e+6,
26.635600,3.491e+6,
26.641333,3.547e+6,
26.647300,3.646e+6,
26.653283,3.647e+6,
26.659000,3.549e+6,
26.664983,3.501e+6,
26.670967,3.520e+6,
26.676683,3.687e+6,
26.682667,3.581e+6,
26.688650,3.503e+6,
26.694633,3.410e+6,
26.700350,3.575e+6,
26.706333,3.707e+6,
26.712300,3.758e+6,
26.718033,3.640e+6,
26.724000,3.561e+6,
26.729983,3.507e+6,
26.735700,3.456e+6,
26.741683,3.355e+6,
26.747667,3.350e+6,
26.753650,3.348e+6,
26.759367,3.411e+6,
26.765350,3.425e+6,
26.771333,3.435e+6,
26.777050,3.397e+6,
26.783033,3.396e+6,
26.789000,3.416e+6,
26.794983,3.375e+6,
26.800700,3.172e+6,
26.806683,3.159e+6,
26.812667,3.257e+6,
26.818383,3.483e+6,
26.824367,3.531e+6,
26.830350,3.529e+6,
26.836333,3.495e+6,
26.842050,3.546e+6,
26.848033,3.636e+6,
26.854000,3.710e+6,
26.859733,3.626e+6,
26.865700,3.586e+6,
26.871683,3.513e+6,
26.877400,3.551e+6,
26.883383,3.526e+6,
26.889367,3.604e+6,
26.895350,3.579e+6,
26.901067,3.778e+6,
26.907050,3.791e+6,
26.913033,3.967e+6,
26.918750,3.937e+6,
26.924733,4.043e+6,
26.930717,4.004e+6,
26.936683,3.894e+6,
26.942417,3.737e+6,
26.948383,3.639e+6,
26.954367,3.566e+6,
26.960083,3.528e+6,
26.966067,3.459e+6,
26.972050,3.472e+6,
26.978033,3.377e+6,
26.983750,3.428e+6,
26.989733,3.351e+6,
26.995717,3.435e+6,
27.001433,3.415e+6,
27.007417,3.325e+6,
27.013383,3.227e+6,
27.019117,3.191e+6,
27.025083,3.324e+6,
27.031067,3.374e+6,
27.037050,3.280e+6,
27.042767,3.404e+6,
27.048750,3.534e+6,
27.054733,3.758e+6,
27.060450,3.882e+6,
27.066433,4.098e+6,
27.072417,4.226e+6,
27.078383,4.137e+6,
27.084117,3.871e+6,
27.090083,3.750e+6,
27.096067,3.714e+6,
27.101783,3.742e+6,
27.107767,3.661e+6,
27.113750,3.665e+6,
27.119467,3.749e+6,
27.125450,3.848e+6,
27.131433,3.966e+6,
27.137417,3.893e+6,
27.143133,3.821e+6,
27.149117,3.654e+6,
27.155083,3.579e+6,
27.160817,3.591e+6,
27.166783,3.490e+6,
27.172767,3.571e+6,
27.178750,3.434e+6,
27.184467,3.449e+6,
27.190450,3.291e+6,
27.196433,3.375e+6,
27.202150,3.407e+6,
27.208133,3.519e+6,
27.214117,3.626e+6,
27.220083,3.701e+6,
27.225817,3.886e+6,
27.231783,4.235e+6,
27.237767,4.710e+6,
27.243483,5.250e+6,
27.249467,5.712e+6,
27.255450,6.100e+6,
27.261167,6.257e+6,
27.267150,6.167e+6,
27.273133,5.883e+6,
27.279117,5.614e+6,
27.284833,5.097e+6,
27.290817,4.747e+6,
27.296783,4.162e+6,
27.302517,3.902e+6,
27.308483,3.630e+6,
27.314467,3.513e+6,
27.320183,3.442e+6,
27.326167,3.307e+6,
27.332150,3.267e+6,
27.338133,3.195e+6,
27.343850,3.234e+6,
27.349833,3.528e+6,
27.355817,4.026e+6,
27.361533,4.657e+6,
27.367517,5.232e+6,
27.373483,5.952e+6,
27.379217,6.751e+6,
27.385183,7.364e+6,
27.391167,7.654e+6,
27.397150,7.837e+6,
27.402867,7.992e+6,
27.408850,7.863e+6,
27.414833,7.536e+6,
27.420550,7.096e+6,
27.426533,6.752e+6,
27.432517,6.432e+6,
27.438500,6.100e+6,
27.444217,5.928e+6,
27.450200,5.798e+6,
27.456167,5.818e+6,
27.461900,5.609e+6,
27.467867,5.442e+6,
27.473850,5.154e+6,
27.479567,4.998e+6,
27.485550,4.793e+6,
27.491533,4.652e+6,
27.497517,4.603e+6,
27.503233,4.542e+6,
27.509217,4.456e+6,
27.515200,4.282e+6,
27.520917,4.210e+6,
27.526900,4.180e+6,
27.532867,4.149e+6,
27.538850,4.096e+6,
27.544567,4.176e+6,
27.550550,4.250e+6,
27.556533,4.215e+6,
27.562250,4.035e+6,
27.568233,4.014e+6,
27.574217,3.867e+6,
27.579933,3.904e+6,
27.585917,3.822e+6,
27.591900,3.944e+6,
27.597867,4.037e+6,
27.603600,4.265e+6,
27.609567,4.693e+6,
27.615550,5.119e+6,
27.621267,5.801e+6,
27.627250,6.540e+6,
27.633233,7.398e+6,
27.639217,7.975e+6,
27.644933,8.177e+6,
27.650917,7.849e+6,
27.656900,7.289e+6,
27.662617,6.549e+6,
27.668600,5.915e+6,
27.674567,5.288e+6,
27.680300,4.824e+6,
27.686267,4.413e+6,
27.692250,4.132e+6,
27.698233,4.045e+6,
27.703950,4.039e+6,
27.709933,3.950e+6,
27.715917,3.808e+6,
27.721633,3.655e+6,
27.727617,3.645e+6,
27.733600,3.608e+6,
27.739567,3.711e+6,
27.745300,3.707e+6,
27.751267,3.728e+6,
27.757250,3.729e+6,
27.762967,3.856e+6,
27.768950,3.880e+6,
27.774933,3.860e+6,
27.780650,3.821e+6,
27.786633,3.739e+6,
27.792617,3.733e+6,
27.798600,3.727e+6,
27.804317,3.852e+6,
27.810300,3.809e+6,
27.816267,3.838e+6,
27.822000,3.749e+6,
27.827967,3.811e+6,
27.833950,3.759e+6,
27.839667,3.800e+6,
27.845650,3.653e+6,
27.851633,3.629e+6,
27.857617,3.611e+6,
27.863333,3.738e+6,
27.869317,3.651e+6,
27.875300,3.769e+6,
27.881017,3.714e+6,
27.887000,3.820e+6,
27.892967,3.749e+6,
27.898950,3.794e+6,
27.904667,3.760e+6,
27.910650,3.799e+6,
27.916633,3.741e+6,
27.922350,3.708e+6,
27.928333,3.475e+6,
27.934317,3.476e+6,
27.940033,3.524e+6,
27.946017,3.664e+6,
27.952000,3.662e+6,
27.957983,3.575e+6,
27.963700,3.558e+6,
27.969683,3.617e+6,
27.975650,3.773e+6,
27.981383,3.738e+6,
27.987350,3.773e+6,
27.993333,3.754e+6,
27.999317,3.752e+6,
28.005033,3.676e+6,
28.011017,3.693e+6,
28.017000,3.725e+6,
28.022717,3.736e+6,
28.028700,3.830e+6,
28.034683,3.954e+6,
28.040650,4.101e+6,
28.046383,4.022e+6,
28.052350,4.071e+6,
28.058333,4.188e+6,
28.064050,4.263e+6,
28.070033,4.443e+6,
28.076017,4.498e+6,
28.081733,4.645e+6,
28.087717,4.591e+6,
28.093700,4.542e+6,
28.099683,4.385e+6,
28.105400,4.140e+6,
28.111383,3.847e+6,
28.117350,3.734e+6,
28.123083,3.600e+6,
28.129050,3.644e+6,
28.135033,3.557e+6,
28.140750,3.554e+6,
28.146733,3.372e+6,
28.152717,3.407e+6,
28.158700,3.407e+6,
28.164417,3.504e+6,
28.170400,3.385e+6,
28.176383,3.469e+6,
28.182100,3.445e+6,
28.188083,3.529e+6,
28.194050,3.496e+6,
28.200033,3.556e+6,
28.205750,3.497e+6,
28.211733,3.582e+6,
28.217717,3.578e+6,
28.223433,3.580e+6,
28.229417,3.593e+6,
28.235400,3.688e+6,
28.241117,3.832e+6,
28.247100,3.786e+6,
28.253083,3.717e+6,
28.259050,3.642e+6,
28.264783,3.547e+6,
28.270750,3.455e+6,
28.276733,3.343e+6,
28.282450,3.378e+6,
28.288433,3.324e+6,
28.294417,3.458e+6,
28.300400,3.458e+6,
28.306117,3.551e+6,
28.312100,3.629e+6,
28.318083,3.671e+6,
28.323800,3.736e+6,
28.329783,3.747e+6,
28.335750,3.822e+6,
28.341483,3.877e+6,
28.347450,3.827e+6,
28.353433,3.828e+6,
28.359417,3.783e+6,
28.365133,3.811e+6,
28.371117,3.781e+6,
28.377100,3.784e+6,
28.382817,3.761e+6,
28.388800,3.694e+6,
28.394783,3.711e+6,
28.400750,3.662e+6,
28.406483,3.568e+6,
28.412450,3.448e+6,
28.418433,3.443e+6,
28.424150,3.489e+6,
28.430133,3.528e+6,
28.436117,3.516e+6,
28.441833,3.407e+6,
28.447817,3.383e+6,
28.453800,3.447e+6,
28.459783,3.518e+6,
28.465500,3.530e+6,
28.471483,3.426e+6,
28.477467,3.476e+6,
28.483183,3.363e+6,
28.489167,3.276e+6,
28.495133,3.273e+6,
28.501117,3.372e+6,
28.506833,3.505e+6,
28.512817,3.492e+6,
28.518800,3.525e+6,
28.524517,3.459e+6,
28.530500,3.524e+6,
28.536483,3.534e+6,
28.542200,3.515e+6,
28.548183,3.486e+6,
28.554167,3.463e+6,
28.560133,3.471e+6,
28.565867,3.385e+6,
28.571833,3.392e+6,
28.577817,3.480e+6,
28.583533,3.423e+6,
28.589517,3.355e+6,
28.595500,3.291e+6,
28.601217,3.489e+6,
28.607200,3.660e+6,
28.613183,3.773e+6,
28.619167,3.726e+6,
28.624883,3.731e+6,
28.630867,3.743e+6,
28.636833,3.848e+6,
28.642567,3.734e+6,
28.648533,3.691e+6,
28.654517,3.562e+6,
28.660500,3.665e+6,
28.666217,3.788e+6,
28.672200,3.957e+6,
28.678183,4.116e+6,
28.683900,4.289e+6,
28.689883,4.498e+6,
28.695867,4.588e+6,
28.701833,4.575e+6,
28.707567,4.661e+6,
28.713533,4.579e+6,
28.719517,4.574e+6,
28.725233,4.361e+6,
28.731217,4.270e+6,
28.737200,4.133e+6,
28.743183,3.982e+6,
28.748900,3.988e+6,
28.754883,4.038e+6,
28.760867,4.053e+6,
28.766583,4.090e+6,
28.772567,4.035e+6,
28.778533,4.109e+6,
28.784267,4.091e+6,
28.790233,4.129e+6,
28.796217,4.106e+6,
28.802200,4.194e+6,
28.807917,4.143e+6,
28.813900,4.040e+6,
28.819883,3.777e+6,
28.825600,3.592e+6,
28.831583,3.537e+6,
28.837567,3.606e+6,
28.843283,3.725e+6,
28.849267,3.750e+6,
28.855233,3.674e+6,
28.861217,3.605e+6,
28.866933,3.537e+6,
28.872917,3.427e+6,
28.878900,3.332e+6,
28.884617,3.396e+6,
28.890600,3.478e+6,
28.896583,3.477e+6,
28.902567,3.313e+6,
28.908283,3.292e+6,
28.914267,3.323e+6,
28.920233,3.555e+6,
28.925967,3.497e+6,
28.931933,3.512e+6,
28.937917,3.242e+6,
28.943633,3.272e+6,
28.949617,3.098e+6,
28.955600,3.204e+6,
28.961583,3.095e+6,
28.967300,3.201e+6,
28.973283,3.154e+6,
28.979267,3.231e+6,
28.984983,3.290e+6,
28.990967,3.274e+6,
28.996950,3.267e+6,
29.002917,3.279e+6,
29.008650,3.313e+6,
29.014617,3.380e+6,
29.020600,3.316e+6,
29.026317,3.460e+6,
29.032300,3.711e+6,
29.038283,4.190e+6,
29.044000,5.181e+6,
29.049983,7.168e+6,
29.055967,1.049e+7,
29.061950,1.640e+7,
29.067667,2.432e+7,
29.073650,3.537e+7,
29.079617,4.825e+7,
29.085350,6.218e+7,
29.091317,7.524e+7,
29.097300,8.399e+7,
29.103283,8.619e+7,
29.109000,7.911e+7,
29.114983,6.575e+7,
29.120967,4.972e+7,
29.126683,3.530e+7,
29.132667,2.459e+7,
29.138650,1.745e+7,
29.144367,1.327e+7,
29.150350,1.066e+7,
29.156317,9.334e+6,
29.162300,8.826e+6,
29.168017,8.424e+6,
29.174000,7.827e+6,
29.179983,7.147e+6,
29.185700,6.509e+6,
29.191683,5.992e+6,
29.197667,5.560e+6,
29.203650,5.128e+6,
29.209367,5.000e+6,
29.215350,4.866e+6,
29.221317,4.784e+6,
29.227050,4.614e+6,
29.233017,4.623e+6,
29.239000,4.584e+6,
29.244717,4.691e+6,
29.250700,4.748e+6,
29.256683,4.992e+6,
29.262667,5.065e+6,
29.268383,5.136e+6,
29.274367,5.172e+6,
29.280350,5.164e+6,
29.286317,4.939e+6,
29.292050,4.864e+6,
29.298017,4.818e+6,
29.304000,4.903e+6,
29.309717,4.898e+6,
29.315700,4.802e+6,
29.321683,4.821e+6,
29.327400,4.803e+6,
29.333383,4.955e+6,
29.339367,5.141e+6,
29.345350,5.348e+6,
29.351067,5.686e+6,
29.357050,5.952e+6,
29.363017,6.067e+6,
29.368750,6.173e+6,
29.374717,6.197e+6,
29.380700,6.225e+6,
29.386683,5.881e+6,
29.392400,5.428e+6,
29.398383,5.021e+6,
29.404367,4.679e+6,
29.410083,4.528e+6,
29.416067,4.324e+6,
29.422050,4.229e+6,
29.427767,4.149e+6,
29.433750,4.176e+6,
29.439717,4.304e+6,
29.445700,4.566e+6,
29.451417,4.918e+6,
29.457400,5.270e+6,
29.463383,5.667e+6,
29.469100,5.776e+6,
29.475083,6.035e+6,
29.481067,5.877e+6,
29.486783,5.929e+6,
29.492767,5.606e+6,
29.498750,5.248e+6,
29.504717,4.786e+6,
29.510450,4.445e+6,
29.516433,4.405e+6,
29.522400,4.323e+6,
29.528133,4.413e+6,
29.534100,4.462e+6,
29.540083,4.842e+6,
29.546067,5.080e+6,
29.551783,5.214e+6,
29.557767,5.180e+6,
29.563750,5.088e+6,
29.569467,5.041e+6,
29.575450,4.814e+6,
29.581433,4.512e+6,
29.587150,4.141e+6,
29.593133,3.961e+6,
29.599100,3.878e+6,
29.605083,3.839e+6,
29.610800,3.844e+6,
29.616783,3.871e+6,
29.622767,4.012e+6,
29.628483,3.960e+6,
29.634467,3.943e+6,
29.640450,3.837e+6,
29.646433,3.876e+6,
29.652150,3.868e+6,
29.658133,3.902e+6,
29.664100,3.797e+6,
29.669833,3.773e+6,
29.675800,3.718e+6,
29.681783,3.736e+6,
29.687500,3.685e+6,
29.693483,3.550e+6,
29.699467,3.529e+6,
29.705450,3.619e+6,
29.711167,3.767e+6,
29.717150,3.848e+6,
29.723133,3.701e+6,
29.728850,3.662e+6,
29.734833,3.639e+6,
29.740800,3.647e+6,
29.746783,3.674e+6,
29.752500,3.631e+6,
29.758483,3.683e+6,
29.764467,3.680e+6,
29.770183,3.767e+6,
29.776167,3.842e+6,
29.782150,4.091e+6,
29.788133,4.384e+6,
29.793850,4.824e+6,
29.799833,4.993e+6,
29.805800,5.087e+6,
29.811533,5.020e+6,
29.817500,4.979e+6,
29.823483,4.867e+6,
29.829200,4.639e+6,
29.835183,4.519e+6,
29.841167,4.318e+6,
29.847150,4.168e+6,
29.852867,4.045e+6,
29.858850,3.889e+6,
29.864833,3.885e+6,
29.870550,3.799e+6,
29.876533,3.772e+6,
29.882500,3.854e+6,
29.888483,3.975e+6,
29.894200,4.075e+6,
29.900183,4.035e+6,
29.906167,3.899e+6,
29.911883,3.853e+6,
29.917867,3.745e+6,
29.923850,3.801e+6,
29.929833,3.752e+6,
29.935550,3.782e+6,
29.941533,3.696e+6,
29.947500,3.812e+6,
29.953233,3.941e+6,
29.959200,4.066e+6,
29.965183,4.114e+6,
29.970900,4.131e+6,
29.976883,4.290e+6,
29.982867,4.297e+6,
29.988850,4.246e+6,
29.994567,4.039e+6,
30.000550,3.889e+6,
30.006533,3.765e+6,
30.012250,3.670e+6,
30.018233,3.694e+6,
30.024200,3.696e+6,
30.029933,3.802e+6,
30.035917,3.835e+6,
30.041883,3.779e+6,
30.047867,3.813e+6,
30.053583,3.792e+6,
30.059567,3.933e+6,
30.065550,4.104e+6,
30.071267,4.652e+6,
30.077250,5.643e+6,
30.083233,6.940e+6,
30.089217,8.574e+6,
30.094933,1.062e+7,
30.100917,1.284e+7,
30.106883,1.494e+7,
30.112617,1.623e+7,
30.118583,1.639e+7,
30.124567,1.552e+7,
30.130550,1.369e+7,
30.136267,1.138e+7,
30.142250,9.145e+6,
30.148233,7.314e+6,
30.153950,6.129e+6,
30.159933,5.328e+6,
30.165917,4.884e+6,
30.171883,4.588e+6,
30.177617,4.369e+6,
30.183583,4.124e+6,
30.189567,4.019e+6,
30.195283,3.786e+6,
30.201267,3.678e+6,
30.207250,3.588e+6,
30.213233,3.654e+6,
30.218950,3.693e+6,
30.224933,3.739e+6,
30.230917,3.831e+6,
30.236633,3.973e+6,
30.242617,4.144e+6,
30.248583,4.189e+6,
30.254317,4.229e+6,
30.260283,4.197e+6,
30.266267,4.285e+6,
30.272250,4.323e+6,
30.277967,4.486e+6,
30.283950,4.482e+6,
30.289933,4.552e+6,
30.295650,4.352e+6,
30.301633,4.110e+6,
30.307617,3.908e+6,
30.313333,3.761e+6,
30.319317,3.785e+6,
30.325283,3.653e+6,
30.331267,3.695e+6,
30.336983,3.598e+6,
30.342967,3.557e+6,
30.348950,3.452e+6,
30.354667,3.468e+6,
30.360650,3.465e+6,
30.366633,3.501e+6,
30.372617,3.532e+6,
30.378333,3.555e+6,
30.384317,3.647e+6,
30.390283,3.643e+6,
30.396017,3.633e+6,
30.401983,3.582e+6,
30.407967,3.605e+6,
30.413683,3.633e+6,
30.419667,3.605e+6,
30.425650,3.569e+6,
30.431633,3.579e+6,
30.437350,3.429e+6,
30.443333,3.378e+6,
30.449317,3.368e+6,
30.455033,3.491e+6,
30.461017,3.530e+6,
30.466983,3.530e+6,
30.472967,3.506e+6,
30.478683,3.532e+6,
30.484667,3.468e+6,
30.490650,3.348e+6,
30.496367,3.243e+6,
30.502350,3.294e+6,
30.508333,3.371e+6,
30.514317,3.450e+6,
30.520033,3.482e+6,
30.526017,3.494e+6,
30.531983,3.574e+6,
30.537717,3.638e+6,
30.543683,3.742e+6,
30.549667,3.596e+6,
30.555383,3.472e+6,
30.561367,3.396e+6,
30.567350,3.474e+6,
30.573333,3.568e+6,
30.579050,3.602e+6,
30.585033,3.679e+6,
30.591017,3.588e+6,
30.596733,3.589e+6,
30.602717,3.590e+6,
30.608700,3.653e+6,
30.614667,3.720e+6,
30.620400,3.675e+6,
30.626367,3.774e+6,
30.632350,3.812e+6,
30.638067,3.948e+6,
30.644050,4.018e+6,
30.650033,4.149e+6,
30.655750,4.178e+6,
30.661733,4.262e+6,
30.667717,4.281e+6,
30.673700,4.324e+6,
30.679417,4.416e+6,
30.685400,4.450e+6,
30.691367,4.855e+6,
30.697100,5.592e+6,
30.703067,7.201e+6,
30.709050,9.865e+6,
30.715033,1.402e+7,
30.720750,1.954e+7,
30.726733,2.613e+7,
30.732717,3.323e+7,
30.738433,3.988e+7,
30.744417,4.574e+7,
30.750400,4.867e+7,
30.756367,4.668e+7,
30.762100,4.065e+7,
30.768067,3.199e+7,
30.774050,2.418e+7,
30.779767,1.738e+7,
30.785750,1.276e+7,
30.791733,1.004e+7,
30.797450,8.288e+6,
30.803433,7.498e+6,
30.809417,6.993e+6,
30.815400,7.136e+6,
30.821117,7.786e+6,
30.827100,9.310e+6,
30.833067,1.146e+7,
30.838800,1.399e+7,
30.844767,1.681e+7,
30.850750,1.928e+7,
30.856733,2.102e+7,
30.862450,2.105e+7,
30.868433,2.002e+7,
30.874417,1.752e+7,
30.880133,1.463e+7,
30.886117,1.165e+7,
30.892100,9.390e+6,
30.897817,7.744e+6,
30.903800,6.512e+6,
30.909767,5.778e+6,
30.915750,5.430e+6,
30.921467,5.185e+6,
30.927450,4.988e+6,
30.933433,4.935e+6,
30.939150,5.236e+6,
30.945133,5.651e+6,
30.951117,6.258e+6,
30.957100,6.799e+6,
30.962817,7.369e+6,
30.968800,7.903e+6,
30.974767,8.157e+6,
30.980500,8.131e+6,
30.986467,7.623e+6,
30.992450,7.154e+6,
30.998433,6.544e+6,
31.004150,6.279e+6,
31.010133,5.905e+6,
31.016117,5.680e+6,
31.021833,5.496e+6,
31.027817,5.249e+6,
31.033800,5.067e+6,
31.039517,4.830e+6,
31.045500,4.833e+6,
31.051467,4.802e+6,
31.057450,4.777e+6,
31.063167,4.828e+6,
31.069150,4.974e+6,
31.075133,5.298e+6,
31.080850,5.654e+6,
31.086833,6.195e+6,
31.092817,6.726e+6,
31.098800,7.078e+6,
31.104517,7.355e+6,
31.110500,7.358e+6,
31.116483,7.235e+6,
31.122200,6.696e+6,
31.128183,5.898e+6,
31.134150,5.231e+6,
31.139883,4.639e+6,
31.145850,4.411e+6,
31.151833,4.254e+6,
31.157817,4.309e+6,
31.163533,4.264e+6,
31.169517,4.210e+6,
31.175500,4.326e+6,
31.181217,4.398e+6,
31.187200,4.631e+6,
31.193183,4.726e+6,
31.199150,4.870e+6,
31.204883,4.721e+6,
31.210850,4.635e+6,
31.216833,4.600e+6,
31.222550,4.584e+6,
31.228533,4.670e+6,
31.234517,5.176e+6,
31.240233,6.161e+6,
31.246217,8.304e+6,
31.252200,1.140e+7,
31.258183,1.595e+7,
31.263900,2.057e+7,
31.269883,2.578e+7,
31.275850,3.011e+7,
31.281583,3.275e+7,
31.287550,3.382e+7,
31.293533,3.328e+7,
31.299517,3.207e+7,
31.305233,2.971e+7,
31.311217,2.676e+7,
31.317200,2.440e+7,
31.322917,2.203e+7,
31.328900,2.041e+7,
31.334883,1.866e+7,
31.340850,1.701e+7,
31.346583,1.570e+7,
31.352550,1.457e+7,
31.358533,1.392e+7,
31.364250,1.310e+7,
31.370233,1.228e+7,
31.376217,1.151e+7,
31.381933,1.101e+7,
31.387917,1.060e+7,
31.393900,1.014e+7,
31.399883,9.878e+6,
31.405600,9.495e+6,
31.411583,9.252e+6,
31.417550,8.724e+6,
31.423283,8.402e+6,
31.429250,8.005e+6,
31.435233,7.752e+6,
31.441217,7.532e+6,
31.446933,7.483e+6,
31.452917,7.237e+6,
31.458900,7.114e+6,
31.464617,6.789e+6,
31.470600,6.747e+6,
31.476583,6.543e+6,
31.482300,6.326e+6,
31.488283,6.082e+6,
31.494250,6.030e+6,
31.500233,5.912e+6,
31.505950,5.916e+6,
31.511933,5.770e+6,
31.517917,5.910e+6,
31.523633,5.901e+6,
31.529617,5.869e+6,
31.535600,5.655e+6,
31.541317,5.691e+6,
31.547300,5.661e+6,
31.553283,5.716e+6,
31.559250,5.715e+6,
31.564983,5.817e+6,
31.570950,6.002e+6,
31.576933,6.281e+6,
31.582650,6.823e+6,
31.588633,7.767e+6,
31.594617,8.524e+6,
31.600600,9.808e+6,
31.606317,1.110e+7,
31.612300,1.224e+7,
31.618283,1.297e+7,
31.624000,1.301e+7,
31.629983,1.276e+7,
31.635967,1.165e+7,
31.641933,1.049e+7,
31.647667,9.313e+6,
31.653633,8.428e+6,
31.659617,7.768e+6,
31.665333,7.526e+6,
31.671317,7.714e+6,
31.677300,7.931e+6,
31.683017,8.082e+6,
31.689000,7.926e+6,
31.694983,7.633e+6,
31.700967,7.260e+6,
31.706683,6.853e+6,
31.712667,6.437e+6,
31.718633,6.035e+6,
31.724367,5.667e+6,
31.730333,5.343e+6,
31.736317,5.204e+6,
31.742033,5.072e+6,
31.748017,5.013e+6,
31.754000,4.903e+6,
31.759983,4.815e+6,
31.765700,4.868e+6,
31.771683,4.827e+6,
31.777667,5.046e+6,
31.783383,5.053e+6,
31.789367,4.917e+6,
31.795333,4.819e+6,
31.801317,4.700e+6,
31.807033,4.672e+6,
31.813017,4.476e+6,
31.819000,4.368e+6,
31.824717,4.481e+6,
31.830700,4.433e+6,
31.836683,4.490e+6,
31.842400,4.406e+6,
31.848383,4.472e+6,
31.854367,4.489e+6,
31.860333,4.515e+6,
31.866067,4.440e+6,
31.872033,4.547e+6,
31.878017,4.524e+6,
31.883733,4.578e+6,
31.889717,4.438e+6,
31.895700,4.466e+6,
31.901683,4.540e+6,
31.907400,4.516e+6,
31.913383,4.554e+6,
31.919367,4.465e+6,
31.925083,4.516e+6,
31.931067,4.492e+6,
31.937033,4.475e+6,
31.943017,4.361e+6,
31.948733,4.232e+6,
31.954717,4.130e+6,
31.960700,4.082e+6,
31.966417,4.162e+6,
31.972400,4.218e+6,
31.978383,4.146e+6,
31.984100,3.966e+6,
31.990083,4.025e+6,
31.996067,4.101e+6,
32.002033,4.195e+6,
32.007767,4.242e+6,
32.013733,4.443e+6,
32.019717,4.636e+6,
32.025433,4.649e+6,
32.031417,4.722e+6,
32.037400,4.606e+6,
32.043383,4.627e+6,
32.049100,4.526e+6,
32.055083,4.498e+6,
32.061067,4.399e+6,
32.066783,4.313e+6,
32.072767,4.234e+6,
32.078733,4.149e+6,
32.084467,4.095e+6,
32.090433,4.017e+6,
32.096417,3.995e+6,
32.102400,3.998e+6,
32.108117,4.048e+6,
32.114100,4.067e+6,
32.120083,3.955e+6,
32.125800,3.951e+6,
32.131783,3.865e+6,
32.137767,3.876e+6,
32.143750,3.871e+6,
32.149467,3.984e+6,
32.155450,4.114e+6,
32.161417,4.014e+6,
32.167150,3.994e+6,
32.173117,3.973e+6,
32.179100,4.105e+6,
32.184817,4.221e+6,
32.190800,4.185e+6,
32.196783,4.339e+6,
32.202767,4.393e+6,
32.208483,4.391e+6,
32.214467,4.318e+6,
32.220450,4.298e+6,
32.226167,4.349e+6,
32.232150,4.454e+6,
32.238117,4.369e+6,
32.244100,4.346e+6,
32.249817,4.253e+6,
32.255800,4.312e+6,
32.261783,4.373e+6,
32.267500,4.375e+6,
32.273483,4.340e+6,
32.279467,4.372e+6,
32.285183,4.438e+6,
32.291167,4.671e+6,
32.297150,4.923e+6,
32.303117,5.325e+6,
32.308850,5.665e+6,
32.314817,6.009e+6,
32.320800,6.223e+6,
32.326783,6.280e+6,
32.332500,6.171e+6,
32.338483,5.795e+6,
32.344467,5.348e+6,
32.350183,4.837e+6,
32.356167,4.507e+6,
32.362150,4.201e+6,
32.367867,4.041e+6,
32.373850,3.817e+6,
32.379817,3.750e+6,
32.385800,3.803e+6,
32.391517,3.923e+6,
32.397500,3.983e+6,
32.403483,3.927e+6,
32.409200,3.799e+6,
32.415183,3.836e+6,
32.421167,3.805e+6,
32.426883,3.899e+6,
32.432867,3.826e+6,
32.438850,3.874e+6,
32.444817,3.902e+6,
32.450550,3.899e+6,
32.456517,3.987e+6,
32.462500,4.008e+6,
32.468217,4.054e+6,
32.474200,3.987e+6,
32.480183,4.009e+6,
32.486167,3.958e+6,
32.491883,4.030e+6,
32.497867,4.029e+6,
32.503850,4.162e+6,
32.509567,4.143e+6,
32.515550,4.108e+6,
32.521517,4.136e+6,
32.527250,4.013e+6,
32.533217,3.956e+6,
32.539200,3.745e+6,
32.545183,3.767e+6,
32.550900,3.792e+6,
32.556883,3.913e+6,
32.562867,3.915e+6,
32.568583,4.024e+6,
32.574567,4.108e+6,
32.580550,4.096e+6,
32.586517,4.365e+6,
32.592250,4.360e+6,
32.598217,4.645e+6,
32.604200,4.552e+6,
32.609917,4.603e+6,
32.615900,4.485e+6,
32.621883,4.408e+6,
32.627867,4.356e+6,
32.633583,4.231e+6,
32.639567,3.979e+6,
32.645550,3.887e+6,
32.651267,3.845e+6,
32.657250,3.808e+6,
32.663233,3.730e+6,
32.668950,3.656e+6,
32.674933,3.809e+6,
32.680900,3.882e+6,
32.686883,3.981e+6,
32.692600,3.994e+6,
32.698583,4.008e+6,
32.704567,4.187e+6,
32.710283,4.300e+6,
32.716267,4.527e+6,
32.722250,4.720e+6,
32.728233,4.878e+6,
32.733950,4.899e+6,
32.739933,4.805e+6,
32.745900,4.810e+6,
32.751633,4.883e+6,
32.757600,4.812e+6,
32.763583,4.588e+6,
32.769567,4.324e+6,
32.775283,4.158e+6,
32.781267,4.114e+6,
32.787250,3.952e+6,
32.792967,3.938e+6,
32.798950,3.783e+6,
32.804933,3.823e+6,
32.810650,3.787e+6,
32.816633,4.022e+6,
32.822600,4.272e+6,
32.828583,4.698e+6,
32.834300,5.363e+6,
32.840283,6.362e+6,
32.846267,7.816e+6,
32.851983,9.549e+6,
32.857967,1.133e+7,
32.863950,1.306e+7,
32.869933,1.373e+7,
32.875650,1.370e+7,
32.881633,1.282e+7,
32.887600,1.148e+7,
32.893333,9.979e+6,
32.899300,8.382e+6,
32.905283,7.310e+6,
32.911267,6.335e+6,
32.916983,5.568e+6,
32.922967,4.991e+6,
32.928950,4.695e+6,
32.934667,4.574e+6,
32.940650,4.518e+6,
32.946633,4.581e+6,
32.952350,4.623e+6,
32.958333,4.605e+6,
32.964300,4.582e+6,
32.970283,4.541e+6,
32.976000,4.471e+6,
32.981983,4.413e+6,
32.987967,4.292e+6,
32.993683,4.173e+6,
32.999667,4.061e+6,
33.005650,3.912e+6,
33.011367,3.961e+6,
33.017350,3.887e+6,
33.023333,3.980e+6,
33.029300,4.067e+6,
33.035033,4.095e+6,
33.041000,4.161e+6,
33.046983,4.106e+6,
33.052700,4.192e+6,
33.058683,4.149e+6,
33.064667,4.114e+6,
33.070383,4.061e+6,
33.076367,3.951e+6,
33.082350,3.909e+6,
33.088333,3.845e+6,
33.094050,3.887e+6,
33.100033,4.019e+6,
33.106000,4.146e+6,
33.111733,4.173e+6,
33.117700,4.126e+6,
33.123683,4.052e+6,
33.129667,4.099e+6,
33.135383,4.095e+6,
33.141367,4.057e+6,
33.147350,4.038e+6,
33.153067,4.020e+6,
33.159050,4.121e+6,
33.165033,4.081e+6,
33.171017,4.120e+6,
33.176733,4.057e+6,
33.182717,4.111e+6,
33.188683,4.094e+6,
33.194417,4.060e+6,
33.200383,3.989e+6,
33.206367,3.932e+6,
33.212350,4.028e+6,
33.218067,4.073e+6,
33.224050,4.044e+6,
33.230033,3.995e+6,
33.235750,3.959e+6,
33.241733,3.969e+6,
33.247717,4.017e+6,
33.253683,3.977e+6,
33.259417,4.034e+6,
33.265383,3.929e+6,
33.271367,4.019e+6,
33.277083,3.844e+6,
33.283067,3.787e+6,
33.289050,3.779e+6,
33.294767,3.951e+6,
33.300750,4.023e+6,
33.306733,4.036e+6,
33.312717,4.049e+6,
33.318433,4.126e+6,
33.324417,4.124e+6,
33.330383,4.120e+6,
33.336117,4.168e+6,
33.342083,4.211e+6,
33.348067,4.259e+6,
33.354050,4.306e+6,
33.359767,4.223e+6,
33.365750,4.143e+6,
33.371733,3.976e+6,
33.377450,3.968e+6,
33.383433,3.937e+6,
33.389417,3.922e+6,
33.395383,3.893e+6,
33.401117,3.930e+6,
33.407083,3.992e+6,
33.413067,3.956e+6,
33.418783,3.981e+6,
33.424767,3.920e+6,
33.430750,3.966e+6,
33.436467,3.958e+6,
33.442450,4.006e+6,
33.448433,4.003e+6,
33.454417,3.935e+6,
33.460133,3.857e+6,
33.466117,3.838e+6,
33.472083,3.785e+6,
33.477817,3.766e+6,
33.483783,3.775e+6,
33.489767,3.894e+6,
33.495483,3.934e+6,
33.501467,4.122e+6,
33.507450,4.116e+6,
33.513433,4.163e+6,
33.519150,4.105e+6,
33.525133,4.189e+6,
33.531117,4.307e+6,
33.536833,4.372e+6,
33.542817,4.277e+6,
33.548783,4.146e+6,
33.554517,4.036e+6,
33.560483,4.026e+6,
33.566467,4.022e+6,
33.572450,3.856e+6,
33.578167,3.792e+6,
33.584150,3.651e+6,
33.590133,3.789e+6,
33.595850,3.854e+6,
33.601833,3.997e+6,
33.607817,4.089e+6,
33.613783,4.387e+6,
33.619517,4.905e+6,
33.625483,5.921e+6,
33.631467,7.335e+6,
33.637183,9.427e+6,
33.643167,1.147e+7,
33.649150,1.381e+7,
33.654867,1.516e+7,
33.660850,1.584e+7,
33.666833,1.534e+7,
33.672817,1.441e+7,
33.678533,1.305e+7,
33.684517,1.124e+7,
33.690500,9.758e+6,
33.696217,8.407e+6,
33.702200,7.593e+6,
33.708167,6.683e+6,
33.713900,6.031e+6,
33.719867,5.508e+6,
33.725850,5.200e+6,
33.731833,5.087e+6,
33.737550,4.956e+6,
33.743533,5.009e+6,
33.749517,4.899e+6,
33.755233,4.824e+6,
33.761217,4.767e+6,
33.767200,4.650e+6,
33.773167,4.725e+6,
33.778900,4.519e+6,
33.784867,4.623e+6,
33.790850,4.554e+6,
33.796567,4.461e+6,
33.802550,4.283e+6,
33.808533,4.235e+6,
33.814517,4.364e+6,
33.820233,4.404e+6,
33.826217,4.369e+6,
33.832200,4.396e+6,
33.837917,4.349e+6,
33.843900,4.231e+6,
33.849867,4.095e+6,
33.855600,4.117e+6,
33.861567,4.193e+6,
33.867550,4.328e+6,
33.873533,4.455e+6,
33.879250,4.688e+6,
33.885233,4.598e+6,
33.891217,4.643e+6,
33.896933,4.587e+6,
33.902917,4.630e+6,
33.908900,4.511e+6,
33.914867,4.370e+6,
33.920600,4.355e+6,
33.926567,4.224e+6,
33.932550,4.235e+6,
33.938267,4.125e+6,
33.944250,4.232e+6,
33.950233,4.194e+6,
33.955950,4.194e+6,
33.961933,4.013e+6,
33.967917,3.944e+6,
33.973900,3.880e+6,
33.979617,3.968e+6,
33.985600,3.964e+6,
33.991567,3.985e+6,
33.997300,4.056e+6,
34.003267,4.267e+6,
34.009250,4.441e+6,
34.015233,4.488e+6,
34.020950,4.460e+6,
34.026933,4.658e+6,
34.032917,4.697e+6,
34.038633,4.628e+6,
34.044617,4.404e+6,
34.050600,4.349e+6,
34.056567,4.224e+6,
34.062300,4.093e+6,
34.068267,3.997e+6,
34.074250,4.025e+6,
34.079967,4.114e+6,
34.085950,4.138e+6,
34.091933,4.155e+6,
34.097650,4.065e+6,
34.103633,4.129e+6,
34.109617,4.133e+6,
34.115600,4.281e+6,
34.121317,4.238e+6,
34.127300,4.322e+6,
34.133267,4.259e+6,
34.139000,4.339e+6,
34.144967,4.420e+6,
34.150950,4.530e+6,
34.156933,4.636e+6,
34.162650,4.653e+6,
34.168633,4.668e+6,
34.174617,4.477e+6,
34.180333,4.442e+6,
34.186317,4.389e+6,
34.192300,4.450e+6,
34.198283,4.405e+6,
34.204000,4.368e+6,
34.209983,4.270e+6,
34.215950,4.170e+6,
34.221683,4.116e+6,
34.227650,4.040e+6,
34.233633,3.960e+6,
34.239350,3.880e+6,
34.245333,3.918e+6,
34.251317,3.952e+6,
34.257300,3.948e+6,
34.263017,3.894e+6,
34.269000,3.839e+6,
34.274983,3.909e+6,
34.280700,4.026e+6,
34.286683,4.085e+6,
34.292650,3.980e+6,
34.298383,3.947e+6,
34.304350,4.031e+6,
34.310333,4.198e+6,
34.316317,4.298e+6,
34.322033,4.370e+6,
34.328017,4.575e+6,
34.334000,4.500e+6,
34.339717,4.495e+6,
34.345700,4.415e+6,
34.351683,4.609e+6,
34.357650,4.716e+6,
34.363383,4.744e+6,
34.369350,4.651e+6,
34.375333,4.544e+6,
34.381050,4.347e+6,
34.387033,4.191e+6,
34.393017,4.049e+6,
34.399000,3.997e+6,
34.404717,3.945e+6,
34.410700,3.935e+6,
34.416683,3.908e+6,
34.422400,3.889e+6,
34.428383,3.843e+6,
34.434350,3.813e+6,
34.440083,3.789e+6,
34.446050,3.835e+6,
34.452033,3.805e+6,
34.458017,3.794e+6,
34.463733,3.844e+6,
34.469717,3.743e+6,
34.475700,3.752e+6,
34.481417,3.661e+6,
34.487400,3.751e+6,
34.493383,3.785e+6,
34.499350,3.801e+6,
34.505083,3.884e+6,
34.511050,3.898e+6,
34.517033,3.950e+6,
34.522750,4.038e+6,
34.528733,4.223e+6,
34.534717,4.311e+6,
34.540433,4.507e+6,
34.546417,4.788e+6,
34.552400,4.994e+6,
34.558383,5.095e+6,
34.564100,5.015e+6,
34.570083,4.957e+6,
34.576050,4.665e+6,
34.581783,4.525e+6,
34.587750,4.274e+6,
34.593733,4.242e+6,
34.599450,4.009e+6,
34.605433,3.992e+6,
34.611417,3.878e+6,
34.617400,3.932e+6,
34.623117,3.818e+6,
34.629100,3.896e+6,
34.635083,3.763e+6,
34.640800,3.832e+6,
34.646783,3.731e+6,
34.652750,3.639e+6,
34.658733,3.545e+6,
34.664450,3.595e+6,
34.670433,3.610e+6,
34.676417,3.601e+6,
34.682133,3.555e+6,
34.688117,3.698e+6,
34.694100,3.781e+6,
34.700083,3.753e+6,
34.705800,3.629e+6,
34.711783,3.630e+6,
34.717767,3.712e+6,
34.723483,3.860e+6,
34.729467,3.972e+6,
34.735433,4.027e+6,
34.741417,4.173e+6,
34.747133,4.168e+6,
34.753117,4.243e+6,
34.759100,4.255e+6,
34.764817,4.345e+6,
34.770800,4.458e+6,
34.776783,4.430e+6,
34.782500,4.335e+6,
34.788483,4.189e+6,
34.794467,4.100e+6,
34.800433,4.222e+6,
34.806167,4.299e+6,
34.812133,4.350e+6,
34.818117,4.298e+6,
34.823833,4.303e+6,
34.829817,4.363e+6,
34.835800,4.330e+6,
34.841783,4.235e+6,
34.847500,4.148e+6,
34.853483,4.230e+6,
34.859467,4.211e+6,
34.865183,4.248e+6,
34.871167,4.117e+6,
34.877133,4.189e+6,
34.882867,4.228e+6,
34.888833,4.317e+6,
34.894817,4.365e+6,
34.900800,4.308e+6,
34.906517,4.300e+6,
34.912500,4.218e+6,
34.918483,4.272e+6,
34.924200,4.185e+6,
34.930183,4.118e+6,
34.936167,3.988e+6,
34.941883,4.009e+6,
34.947867,4.067e+6,
34.953833,4.137e+6,
34.959817,4.071e+6,
34.965533,3.942e+6,
34.971517,3.967e+6,
34.977500,3.952e+6,
34.983217,3.919e+6,
34.989200,3.766e+6,
34.995183,3.666e+6,
35.001167,3.732e+6,
35.006883,3.701e+6,
35.012867,3.719e+6,
35.018833,3.733e+6,
35.024567,3.808e+6,
35.030533,3.883e+6,
35.036517,3.767e+6,
35.042500,3.732e+6,
35.048217,3.708e+6,
35.054200,3.762e+6,
35.060183,3.731e+6,
35.065900,3.846e+6,
35.071883,3.862e+6,
35.077867,3.884e+6,
35.083833,3.767e+6,
35.089567,3.722e+6,
35.095533,3.674e+6,
35.101517,3.703e+6,
35.107233,3.713e+6,
35.113217,3.939e+6,
35.119200,4.083e+6,
35.124917,4.201e+6,
35.130900,4.249e+6,
35.136883,4.208e+6,
35.142867,4.280e+6,
35.148583,4.204e+6,
35.154567,4.201e+6,
35.160533,4.120e+6,
35.166267,4.064e+6,
35.172233,3.975e+6,
35.178217,3.936e+6,
35.183933,3.869e+6,
35.189917,3.847e+6,
35.195900,3.822e+6,
35.201883,3.747e+6,
35.207600,3.732e+6,
35.213583,3.629e+6,
35.219567,3.687e+6,
35.225283,3.569e+6,
35.231267,3.652e+6,
35.237250,3.658e+6,
35.243217,3.744e+6,
35.248950,3.655e+6,
35.254917,3.584e+6,
35.260900,3.543e+6,
35.266617,3.691e+6,
35.272600,3.754e+6,
35.278583,3.857e+6,
35.284300,3.888e+6,
35.290283,4.004e+6,
35.296267,4.031e+6,
35.302250,4.117e+6,
35.307967,4.179e+6,
35.313950,4.135e+6,
35.319917,4.024e+6,
35.325650,3.904e+6,
35.331617,3.960e+6,
35.337600,3.947e+6,
35.343583,4.002e+6,
35.349300,3.948e+6,
35.355283,4.007e+6,
35.361267,3.827e+6,
35.366983,3.711e+6,
35.372967,3.464e+6,
35.378950,3.551e+6,
35.384917,3.610e+6,
35.390650,3.720e+6,
35.396617,3.674e+6,
35.402600,3.695e+6,
35.408317,3.705e+6,
35.414300,3.808e+6,
35.420283,3.799e+6,
35.426000,3.849e+6,
35.431983,3.717e+6,
35.437967,3.759e+6,
35.443950,3.666e+6,
35.449667,3.640e+6,
35.455650,3.621e+6,
35.461617,3.566e+6,
35.467350,3.626e+6,
35.473317,3.609e+6,
35.479300,3.694e+6,
35.485283,3.658e+6,
35.491000,3.589e+6,
35.496983,3.528e+6,
35.502967,3.625e+6,
35.508683,3.637e+6,
35.514667,3.591e+6,
35.520650,3.516e+6,
35.526367,3.581e+6,
35.532350,3.781e+6,
35.538317,3.747e+6,
35.544300,3.744e+6,
35.550017,3.678e+6,
35.556000,3.690e+6,
35.561983,3.722e+6,
35.567700,3.735e+6,
35.573683,3.872e+6,
35.579667,3.870e+6,
35.585383,3.875e+6,
35.591367,3.798e+6,
35.597350,3.755e+6,
35.603067,3.777e+6,
35.609050,3.805e+6,
35.615017,3.803e+6,
35.621000,3.762e+6,
35.626717,3.871e+6,
35.632700,3.862e+6,
35.638683,3.893e+6,
35.644400,3.754e+6,
35.650383,3.888e+6,
35.656367,3.931e+6,
35.662350,4.167e+6,
35.668067,4.184e+6,
35.674050,4.271e+6,
35.680017,4.093e+6,
35.685750,4.160e+6,
35.691717,4.091e+6,
35.697700,4.182e+6,
35.703417,4.172e+6,
35.709400,4.171e+6,
35.715383,4.192e+6,
35.721367,4.079e+6,
35.727083,4.056e+6,
35.733067,3.953e+6,
35.739050,3.961e+6,
35.744767,3.918e+6,
35.750750,3.835e+6,
35.756733,3.772e+6,
35.762700,3.644e+6,
35.768433,3.626e+6,
35.774400,3.526e+6,
35.780383,3.665e+6,
35.786100,3.550e+6,
35.792083,3.587e+6,
35.798067,3.466e+6,
35.804050,3.690e+6,
35.809767,3.717e+6,
35.815750,3.789e+6,
35.821733,3.710e+6,
35.827450,3.771e+6,
35.833433,3.831e+6,
35.839400,3.833e+6,
35.845133,3.833e+6,
35.851100,3.849e+6,
35.857083,4.013e+6,
35.863067,4.085e+6,
35.868783,4.152e+6,
35.874767,4.095e+6,
35.880750,4.034e+6,
35.886467,3.897e+6,
35.892450,3.839e+6,
35.898433,3.759e+6,
35.904150,3.802e+6,
35.910133,3.830e+6,
35.916100,3.953e+6,
35.922083,3.981e+6,
35.927800,3.961e+6,
35.933783,3.944e+6,
35.939767,3.948e+6,
35.945483,4.012e+6,
35.951467,4.099e+6,
35.957450,4.315e+6,
35.963433,4.463e+6,
35.969150,4.829e+6,
35.975133,5.076e+6,
35.981100,5.486e+6,
35.986833,5.672e+6,
35.992800,5.697e+6,
35.998783,5.383e+6,
36.004500,4.964e+6,
36.010483,4.674e+6,
36.016467,4.428e+6,
36.022450,4.225e+6,
36.028167,4.139e+6,
36.034150,4.018e+6,
36.040133,4.008e+6,
36.045850,3.801e+6,
36.051833,3.852e+6,
36.057800,3.781e+6,
36.063783,3.905e+6,
36.069500,3.908e+6,
36.075483,3.968e+6,
36.081467,3.882e+6,
36.087183,3.987e+6,
36.093167,4.060e+6,
36.099150,4.114e+6,
36.104867,3.979e+6,
36.110850,3.907e+6,
36.116833,3.904e+6,
36.122800,3.819e+6,
36.128533,3.827e+6,
36.134500,3.796e+6,
36.140483,3.825e+6,
36.146200,3.775e+6,
36.152183,3.727e+6,
36.158167,3.781e+6,
36.164150,3.630e+6,
36.169867,3.653e+6,
36.175850,3.607e+6,
36.181833,3.797e+6,
36.187550,3.847e+6,
36.193533,3.930e+6,
36.199500,3.886e+6,
36.205233,3.801e+6,
36.211200,3.665e+6,
36.217183,3.642e+6,
36.223167,3.659e+6,
36.228883,3.747e+6,
36.234867,3.760e+6,
36.240850,3.806e+6,
36.246567,3.720e+6,
36.252550,3.638e+6,
36.258533,3.641e+6,
36.264500,3.730e+6,
36.270233,3.749e+6,
36.276200,3.662e+6,
36.282183,3.647e+6,
36.287917,3.725e+6,
36.293883,3.765e+6,
36.299867,3.909e+6,
36.305583,3.913e+6,
36.311567,4.064e+6,
36.317550,4.140e+6,
36.323533,4.563e+6,
36.329250,5.057e+6,
36.335233,5.762e+6,
36.341217,6.548e+6,
36.346933,7.227e+6,
36.352917,7.749e+6,
36.358883,7.796e+6,
36.364867,7.663e+6,
36.370583,7.184e+6,
36.376567,6.717e+6,
36.382550,6.138e+6,
36.388267,5.580e+6,
36.394250,5.193e+6,
36.400233,4.943e+6,
36.406217,4.887e+6,
36.411933,4.877e+6,
36.417917,4.698e+6,
36.423883,4.669e+6,
36.429617,4.591e+6,
36.435583,4.812e+6,
36.441567,4.938e+6,
36.447283,4.927e+6,
36.453267,4.870e+6,
36.459250,4.742e+6,
36.465233,4.870e+6,
36.470950,4.735e+6,
36.476933,4.690e+6,
36.482917,4.485e+6,
36.488633,4.538e+6,
36.494617,4.514e+6,
36.500583,4.594e+6,
36.506567,4.568e+6,
36.512283,4.568e+6,
36.518267,4.528e+6,
36.524250,4.592e+6,
36.529967,4.597e+6,
36.535950,4.647e+6,
36.541933,4.687e+6,
36.547650,4.750e+6,
36.553633,4.699e+6,
36.559617,4.692e+6,
36.565583,4.676e+6,
36.571317,4.619e+6,
36.577283,4.385e+6,
36.583267,4.168e+6,
36.588983,4.052e+6,
36.594967,4.050e+6,
36.600950,3.987e+6,
36.606933,3.950e+6,
36.612650,3.849e+6,
36.618633,3.952e+6,
36.624617,3.943e+6,
36.630333,4.052e+6,
36.636317,4.061e+6,
36.642283,4.158e+6,
36.648017,4.316e+6,
36.653983,4.539e+6,
36.659967,4.554e+6,
36.665950,4.439e+6,
36.671667,4.214e+6,
36.677650,4.184e+6,
36.683633,4.080e+6,
36.689350,4.115e+6,
36.695333,4.000e+6,
36.701317,3.976e+6,
36.707283,3.894e+6,
36.713017,3.977e+6,
36.718983,4.113e+6,
36.724967,4.171e+6,
36.730683,4.187e+6,
36.736667,4.218e+6,
36.742650,4.182e+6,
36.748367,4.054e+6,
36.754350,3.948e+6,
36.760333,3.964e+6,
36.766317,4.049e+6,
36.772033,3.953e+6,
36.778017,3.870e+6,
36.783983,3.717e+6,
36.789717,3.859e+6,
36.795683,3.889e+6,
36.801667,4.039e+6,
36.807650,4.118e+6,
36.813367,4.392e+6,
36.819350,4.613e+6,
36.825333,5.006e+6,
36.831050,5.325e+6,
36.837033,5.728e+6,
36.843017,5.798e+6,
36.848733,5.645e+6,
36.854717,5.459e+6,
36.860700,5.224e+6,
36.866667,5.033e+6,
36.872400,4.727e+6,
36.878367,4.472e+6,
36.884350,4.152e+6,
36.890067,3.934e+6,
36.896050,3.715e+6,
36.902033,3.764e+6,
36.908017,3.742e+6,
36.913733,3.902e+6,
36.919717,3.834e+6,
36.925700,3.807e+6,
36.931417,3.718e+6,
36.937400,3.735e+6,
36.943367,3.810e+6,
36.949100,3.773e+6,
36.955067,3.767e+6,
36.961050,3.791e+6,
36.967033,3.732e+6,
36.972750,3.723e+6,
36.978733,3.619e+6,
36.984717,3.614e+6,
36.990433,3.681e+6,
36.996417,3.853e+6,
37.002400,3.958e+6,
37.008117,4.071e+6,
37.014100,3.948e+6,
37.020067,3.951e+6,
37.026050,3.800e+6,
37.031767,3.775e+6,
37.037750,3.852e+6,
37.043733,3.867e+6,
37.049450,3.941e+6,
37.055433,3.878e+6,
37.061417,3.972e+6,
37.067400,3.979e+6,
37.073117,3.899e+6,
37.079100,3.869e+6,
37.085067,3.834e+6,
37.090800,3.966e+6,
37.096767,3.994e+6,
37.102750,3.982e+6,
37.108467,3.946e+6,
37.114450,3.896e+6,
37.120433,3.958e+6,
37.126417,3.915e+6,
37.132133,3.916e+6,
37.138117,3.854e+6,
37.144100,3.913e+6,
37.149817,3.844e+6,
37.155800,3.885e+6,
37.161767,3.850e+6,
37.167750,3.844e+6,
37.173467,3.871e+6,
37.179450,3.982e+6,
37.185433,4.216e+6,
37.191150,4.337e+6,
37.197133,4.423e+6,
37.203117,4.494e+6,
37.209100,4.612e+6,
37.214817,4.766e+6,
37.220800,4.768e+6,
37.226767,4.759e+6,
37.232500,4.496e+6,
37.238467,4.376e+6,
37.244450,4.157e+6,
37.250167,4.193e+6,
37.256150,4.165e+6,
37.262133,4.204e+6,
37.268117,4.047e+6,
37.273833,4.003e+6,
37.279817,3.961e+6,
37.285800,4.060e+6,
37.291517,4.007e+6,
37.297500,3.949e+6,
37.303467,3.859e+6,
37.309200,3.915e+6,
37.315167,3.924e+6,
37.321150,3.966e+6,
37.327133,3.996e+6,
37.332850,3.878e+6,
37.338833,3.903e+6,
37.344817,3.808e+6,
37.350533,3.902e+6,
37.356517,3.842e+6,
37.362500,3.830e+6,
37.368483,3.770e+6,
37.374200,3.716e+6,
37.380183,3.591e+6,
37.386150,3.694e+6,
37.391883,3.876e+6,
37.397850,3.991e+6,
37.403833,4.171e+6,
37.409550,4.318e+6,
37.415533,4.791e+6,
37.421517,5.185e+6,
37.427500,5.770e+6,
37.433217,6.398e+6,
37.439200,6.889e+6,
37.445183,7.064e+6,
37.450900,6.914e+6,
37.456883,6.637e+6,
37.462850,6.403e+6,
37.468833,6.006e+6,
37.474550,5.653e+6,
37.480533,5.164e+6,
37.486517,4.910e+6,
37.492233,4.627e+6,
37.498217,4.457e+6,
37.504200,4.269e+6,
37.510183,4.220e+6,
37.515900,4.160e+6,
37.521883,4.100e+6,
37.527850,3.984e+6,
37.533583,3.940e+6,
37.539550,3.895e+6,
37.545533,3.962e+6,
37.551517,3.997e+6,
37.557233,4.016e+6,
37.563217,3.966e+6,
37.569200,3.979e+6,
37.574917,4.082e+6,
37.580900,4.078e+6,
37.586883,4.077e+6,
37.592850,3.887e+6,
37.598583,3.859e+6,
37.604550,3.761e+6,
37.610533,3.978e+6,
37.616250,4.065e+6,
37.622233,4.096e+6,
37.628217,4.063e+6,
37.633933,4.056e+6,
37.639917,4.009e+6,
37.645900,3.972e+6,
37.651883,3.894e+6,
37.657600,3.874e+6,
37.663583,3.850e+6,
37.669550,3.852e+6,
37.675283,3.851e+6,
37.681250,3.693e+6,
37.687233,3.723e+6,
37.693217,3.809e+6,
37.698933,4.025e+6,
37.704917,4.138e+6,
37.710900,4.281e+6,
37.716617,4.281e+6,
37.722600,4.360e+6,
37.728583,4.404e+6,
37.734550,4.442e+6,
37.740283,4.375e+6,
37.746250,4.359e+6,
37.752233,4.345e+6,
37.757950,4.262e+6,
37.763933,4.052e+6,
37.769917,3.865e+6,
37.775633,3.787e+6,
37.781617,3.777e+6,
37.787600,3.875e+6,
37.793583,3.953e+6,
37.799300,4.029e+6,
37.805283,3.961e+6,
37.811250,3.910e+6,
37.816983,3.902e+6,
37.822950,4.058e+6,
37.828933,4.128e+6,
37.834650,4.257e+6,
37.840633,4.220e+6,
37.846617,4.241e+6,
37.852600,4.154e+6,
37.858317,4.169e+6,
37.864300,4.157e+6,
37.870283,4.174e+6,
37.876000,4.074e+6,
37.881983,4.069e+6,
37.887967,4.011e+6,
37.893933,4.074e+6,
37.899667,4.052e+6,
37.905633,4.091e+6,
37.911617,3.944e+6,
37.917333,3.874e+6,
37.923317,3.733e+6,
37.929300,3.851e+6,
37.935283,3.843e+6,
37.941000,3.970e+6,
37.946983,3.987e+6,
37.952967,4.093e+6,
37.958683,3.951e+6,
37.964667,3.994e+6,
37.970633,3.913e+6,
37.976617,4.037e+6,
37.982333,3.977e+6,
37.988317,3.954e+6,
37.994300,3.833e+6,
38.000017,3.893e+6,
38.006000,3.869e+6,
38.011983,4.106e+6,
38.017967,4.196e+6,
38.023683,4.541e+6,
38.029667,4.860e+6,
38.035633,5.164e+6,
38.041367,5.444e+6,
38.047333,5.675e+6,
38.053317,6.002e+6,
38.059033,6.191e+6,
38.065017,6.129e+6,
38.071000,5.935e+6,
38.076983,5.705e+6,
38.082700,5.416e+6,
38.088683,5.164e+6,
38.094667,4.933e+6,
38.100383,4.805e+6,
38.106367,4.546e+6,
38.112333,4.365e+6,
38.118317,4.166e+6,
38.124033,4.285e+6,
38.130017,4.221e+6,
38.136000,4.217e+6,
38.141717,4.031e+6,
38.147700,4.039e+6,
38.153683,4.067e+6,
38.159400,4.128e+6,
38.165383,4.095e+6,
38.171367,4.069e+6,
38.177333,3.950e+6,
38.183067,3.947e+6,
38.189033,3.989e+6,
38.195017,3.987e+6,
38.200733,3.943e+6,
38.206717,3.880e+6,
38.212700,3.975e+6,
38.218683,4.122e+6,
38.224400,4.151e+6,
38.230383,4.121e+6,
38.236367,4.034e+6,
38.242083,4.040e+6,
38.248067,3.925e+6,
38.254033,3.951e+6,
38.260017,3.998e+6,
38.265733,4.114e+6,
38.271717,3.973e+6,
38.277700,3.852e+6,
38.283417,3.691e+6,
38.289400,3.779e+6,
38.295383,3.899e+6,
38.301100,3.987e+6,
38.307083,4.022e+6,
38.313067,4.024e+6,
38.319033,4.120e+6,
38.324767,4.185e+6,
38.330733,4.182e+6,
38.336717,4.139e+6,
38.342433,4.004e+6,
38.348417,3.952e+6,
38.354400,3.947e+6,
38.360117,4.051e+6,
38.366100,4.096e+6,
38.372083,4.182e+6,
38.378067,4.183e+6,
38.383783,4.120e+6,
38.389767,4.102e+6,
38.395750,4.017e+6,
38.401467,4.040e+6,
38.407450,3.993e+6,
38.413417,4.088e+6,
38.419400,4.166e+6,
38.425117,4.092e+6,
38.431100,3.969e+6,
38.437083,3.855e+6,
38.442800,3.956e+6,
38.448783,3.911e+6,
38.454767,3.959e+6,
38.460750,3.862e+6,
38.466467,3.930e+6,
38.472450,3.951e+6,
38.478417,4.012e+6,
38.484150,4.017e+6,
38.490117,3.872e+6,
38.496100,3.852e+6,
38.502083,3.939e+6,
38.507800,4.000e+6,
38.513783,4.074e+6,
38.519767,4.329e+6,
38.525483,4.981e+6,
38.531467,5.950e+6,
38.537450,7.866e+6,
38.543167,1.115e+7,
38.549150,1.695e+7,
38.555117,2.659e+7,
38.561100,4.168e+7,
38.566817,6.506e+7,
38.572800,9.620e+7,
38.578783,1.394e+8,
38.584500,1.915e+8,
38.590483,2.426e+8,
38.596467,2.786e+8,
38.602450,2.838e+8,
38.608167,2.575e+8,
38.614150,2.087e+8,
38.620117,1.536e+8,
38.625850,1.051e+8,
38.631817,6.676e+7,
38.637800,4.071e+7,
38.643517,2.525e+7,
38.649500,1.690e+7,
38.655483,1.243e+7,
38.661467,1.024e+7,
38.667183,9.181e+6,
38.673167,8.537e+6,
38.679150,7.895e+6,
38.684867,7.467e+6,
38.690850,7.039e+6,
38.696817,6.787e+6,
38.702800,6.416e+6,
38.708517,6.142e+6,
38.714500,5.926e+6,
38.720483,5.873e+6,
38.726200,5.835e+6,
38.732183,5.860e+6,
38.738167,5.710e+6,
38.744150,5.653e+6,
38.749867,5.526e+6,
38.755850,5.513e+6,
38.761817,5.570e+6,
38.767550,5.580e+6,
38.773517,5.554e+6,
38.779500,5.644e+6,
38.785217,5.691e+6,
38.791200,5.758e+6,
38.797183,5.686e+6,
38.803167,5.830e+6,
38.808883,6.036e+6,
38.814867,6.084e+6,
38.820850,5.890e+6,
38.826567,5.621e+6,
38.832550,5.284e+6,
38.838517,5.147e+6,
38.844500,5.116e+6,
38.850217,5.117e+6,
38.856200,5.074e+6,
38.862183,4.914e+6,
38.867900,5.132e+6,
38.873883,5.186e+6,
38.879867,5.281e+6,
38.885583,5.170e+6,
38.891567,5.136e+6,
38.897550,5.131e+6,
38.903533,4.979e+6,
38.909250,4.981e+6,
38.915233,4.988e+6,
38.921200,5.124e+6,
38.926933,5.094e+6,
38.932900,5.056e+6,
38.938883,4.877e+6,
38.944867,4.884e+6,
38.950583,4.939e+6,
38.956567,5.161e+6,
38.962550,5.227e+6,
38.968267,5.096e+6,
38.974250,5.038e+6,
38.980233,4.980e+6,
38.986200,4.954e+6,
38.991933,4.967e+6,
38.997900,4.922e+6,
39.003883,5.047e+6,
39.009600,4.985e+6,
39.015583,4.954e+6,
39.021567,4.877e+6,
39.027550,4.737e+6,
39.033267,4.732e+6,
39.039250,4.784e+6,
39.045233,4.808e+6,
39.050950,4.815e+6,
39.056933,4.750e+6,
39.062900,4.751e+6,
39.068633,4.752e+6,
39.074600,4.544e+6,
39.080583,4.363e+6,
39.086567,4.280e+6,
39.092283,4.423e+6,
39.098267,4.608e+6,
39.104250,4.590e+6,
39.109967,4.558e+6,
39.115950,4.590e+6,
39.121933,4.541e+6,
39.127900,4.533e+6,
39.133633,4.482e+6,
39.139600,4.587e+6,
39.145583,4.623e+6,
39.151300,4.616e+6,
39.157283,4.625e+6,
39.163267,4.748e+6,
39.168983,4.809e+6,
39.174967,4.691e+6,
39.180950,4.454e+6,
39.186933,4.376e+6,
39.192650,4.476e+6,
39.198633,4.516e+6,
39.204600,4.400e+6,
39.210333,4.328e+6,
39.216300,4.290e+6,
39.222283,4.385e+6,
39.228267,4.385e+6,
39.233983,4.404e+6,
39.239967,4.451e+6,
39.245950,4.478e+6,
39.251667,4.514e+6,
39.257650,4.445e+6,
39.263633,4.408e+6,
39.269600,4.383e+6,
39.275333,4.427e+6,
39.281300,4.445e+6,
39.287283,4.502e+6,
39.293000,4.459e+6,
39.298983,4.427e+6,
39.304967,4.352e+6,
39.310683,4.394e+6,
39.316667,4.405e+6,
39.322650,4.384e+6,
39.328633,4.374e+6,
39.334350,4.365e+6,
39.340333,4.466e+6,
39.346300,4.499e+6,
39.352033,4.521e+6,
39.358000,4.459e+6,
39.363983,4.413e+6,
39.369967,4.550e+6,
39.375683,4.761e+6,
39.381667,4.734e+6,
39.387650,4.587e+6,
39.393367,4.410e+6,
39.399350,4.494e+6,
39.405333,4.479e+6,
39.411567,4.457e+6,
39.417550,4.445e+6,
39.423267,4.528e+6,
39.429250,4.562e+6,
39.435233,4.463e+6,
39.440950,4.413e+6,
39.446933,4.378e+6,
39.452917,4.479e+6,
39.458883,4.556e+6,
39.464617,4.623e+6,
39.470583,4.545e+6,
39.476567,4.571e+6,
39.482283,4.616e+6,
39.488267,4.724e+6,
39.494250,4.659e+6,
39.500233,4.616e+6,
39.505950,4.586e+6,
39.511933,4.606e+6,
39.517917,4.628e+6,
39.523633,4.644e+6,
39.529617,4.676e+6,
39.535583,4.726e+6,
39.541567,4.669e+6,
39.547283,4.491e+6,
39.553267,4.410e+6,
39.559250,4.606e+6,
39.564967,4.810e+6,
39.570950,4.857e+6,
39.576933,4.693e+6,
39.582650,4.584e+6,
39.588633,4.486e+6,
39.594617,4.586e+6,
39.600583,4.643e+6,
39.606317,4.711e+6,
39.612283,4.567e+6,
39.618267,4.538e+6,
39.623983,4.504e+6,
39.629967,4.611e+6,
39.635950,4.777e+6,
39.641933,4.816e+6,
39.647650,4.864e+6,
39.653633,4.763e+6,
39.659617,4.742e+6,
39.665333,4.770e+6,
39.671317,4.730e+6,
39.677283,4.686e+6,
39.683017,4.592e+6,
39.688983,4.549e+6,
39.694967,4.621e+6,
39.700950,4.621e+6,
39.706667,4.631e+6,
39.712650,4.622e+6,
39.718633,4.544e+6,
39.724350,4.590e+6,
39.730333,4.592e+6,
39.736317,4.569e+6,
39.742283,4.537e+6,
39.748017,4.584e+6,
39.753983,4.714e+6,
39.759967,4.748e+6,
39.765683,4.770e+6,
39.771667,4.733e+6,
39.777650,4.729e+6,
39.783367,4.679e+6,
39.789350,4.618e+6,
39.795333,4.650e+6,
39.801317,4.723e+6,
39.807033,4.758e+6,
39.813017,4.693e+6,
39.818983,4.656e+6,
39.824717,4.635e+6,
39.830683,4.598e+6,
39.836667,4.624e+6,
39.842383,4.643e+6,
39.848367,4.803e+6,
39.854350,4.756e+6,
39.860333,4.836e+6,
39.866050,4.790e+6,
39.872033,4.816e+6,
39.878017,4.755e+6,
39.883733,4.737e+6,
39.889717,4.789e+6,
39.895683,4.879e+6,
39.901667,4.889e+6,
39.907383,4.849e+6,
39.913367,4.828e+6,
39.919350,4.874e+6,
39.925067,4.800e+6,
39.931050,4.820e+6,
39.937033,4.793e+6,
39.943017,4.916e+6,
39.948733,4.920e+6,
39.954717,4.904e+6,
39.960700,4.971e+6,
39.966417,5.067e+6,
39.972400,5.085e+6,
39.978367,5.052e+6,
39.984350,5.026e+6,
39.990067,5.083e+6,
39.996050,5.200e+6,
40.002033,5.100e+6,
40.007750,5.048e+6,
40.013733,4.820e+6,
40.019717,4.887e+6,
40.025700,4.921e+6,
40.031417,4.973e+6,
40.037400,4.902e+6,
40.043367,4.815e+6,
40.049100,4.680e+6,
40.055067,4.794e+6,
40.061050,4.903e+6,
40.066767,5.076e+6,
40.072750,5.071e+6,
40.078733,5.054e+6,
40.084717,5.075e+6,
40.090433,5.047e+6,
40.096417,5.277e+6,
40.102400,5.413e+6,
40.108117,5.506e+6,
40.114100,5.522e+6,
40.120067,5.460e+6,
40.125800,5.381e+6,
40.131767,5.201e+6,
40.137750,5.189e+6,
40.143733,5.028e+6,
40.149450,5.083e+6,
40.155433,4.975e+6,
40.161417,5.155e+6,
40.167133,5.112e+6,
40.173117,5.168e+6,
40.179100,5.134e+6,
40.185067,5.156e+6,
40.190800,5.133e+6,
40.196767,5.180e+6,
40.202750,5.237e+6,
40.208467,5.266e+6,
40.214450,5.229e+6,
40.220433,5.061e+6,
40.226417,5.076e+6,
40.232133,5.224e+6,
40.238117,5.626e+6,
40.244100,6.038e+6,
40.249817,6.594e+6,
40.255800,7.097e+6,
40.261767,7.836e+6,
40.267500,8.425e+6,
40.273467,8.971e+6,
40.279450,9.246e+6,
40.285433,9.274e+6,
40.291150,8.920e+6,
40.297133,8.339e+6,
40.303117,7.664e+6,
40.308833,7.147e+6,
40.314817,6.740e+6,
40.320800,6.381e+6,
40.326767,6.174e+6,
40.332500,6.024e+6,
40.338467,6.084e+6,
40.344967,5.960e+6,
40.350950,5.826e+6,
40.356933,5.449e+6,
40.362650,5.505e+6,
40.368633,5.379e+6,
40.374617,5.588e+6,
40.380333,5.363e+6,
40.386317,5.448e+6,
40.392300,5.289e+6,
40.398267,5.382e+6,
40.404000,5.376e+6,
40.409967,5.384e+6,
40.415950,5.251e+6,
40.421667,5.119e+6,
40.427650,5.124e+6,
40.433633,5.112e+6,
40.439617,5.066e+6,
40.445333,5.065e+6,
40.451317,5.128e+6,
40.457300,5.187e+6,
40.463017,5.115e+6,
40.469000,5.094e+6,
40.474983,5.096e+6,
40.480700,5.116e+6,
40.486683,5.042e+6,
40.492650,4.979e+6,
40.498633,4.942e+6,
40.504350,4.984e+6,
40.510333,5.066e+6,
40.516317,5.173e+6,
40.522033,5.278e+6,
40.528017,5.371e+6,
40.534000,5.437e+6,
40.539983,5.512e+6,
40.545700,5.595e+6,
40.551683,5.605e+6,
40.557650,5.546e+6,
40.563383,5.448e+6,
40.569350,5.430e+6,
40.575333,5.409e+6,
40.581050,5.254e+6,
40.587033,5.076e+6,
40.593017,5.004e+6,
40.599000,5.012e+6,
40.604717,5.073e+6,
40.610700,4.983e+6,
40.616683,4.850e+6,
40.622400,4.853e+6,
40.628383,4.952e+6,
40.634350,5.120e+6,
40.640333,5.101e+6,
40.646050,4.962e+6,
40.652033,4.891e+6,
40.658017,4.804e+6,
40.663733,4.949e+6,
40.669717,4.901e+6,
40.675700,4.882e+6,
40.681683,4.732e+6,
40.687400,4.796e+6,
40.693383,4.985e+6,
40.699350,5.147e+6,
40.705083,5.492e+6,
40.711050,5.667e+6,
40.717033,5.963e+6,
40.722750,6.166e+6,
40.728733,6.457e+6,
40.734717,6.604e+6,
40.740700,6.543e+6,
40.746417,6.294e+6,
40.752400,6.103e+6,
40.758383,5.710e+6,
40.764100,5.443e+6,
40.770083,5.148e+6,
40.776050,5.109e+6,
40.782033,5.069e+6,
40.787750,5.068e+6,
40.793733,4.924e+6,
40.799717,4.812e+6,
40.805433,4.763e+6,
40.811417,4.812e+6,
40.817400,4.794e+6,
40.823117,4.742e+6,
40.829100,4.812e+6,
40.835083,4.846e+6,
40.841050,4.846e+6,
40.846783,4.747e+6,
40.852750,4.803e+6,
40.858733,4.849e+6,
40.864717,4.986e+6,
40.870433,4.991e+6,
40.876417,4.990e+6,
40.882400,4.919e+6,
40.888117,5.008e+6,
40.894100,5.022e+6,
40.900083,5.107e+6,
40.905800,5.059e+6,
40.911783,5.026e+6,
40.917750,5.002e+6,
40.923733,4.916e+6,
40.929450,4.865e+6,
40.935433,4.712e+6,
40.941417,4.645e+6,
40.947133,4.741e+6,
40.953117,4.828e+6,
40.959100,4.941e+6,
40.965083,4.916e+6,
40.970800,4.958e+6,
40.976783,5.023e+6,
40.982767,5.031e+6,
40.988483,5.020e+6,
40.994467,4.991e+6,
41.000433,5.059e+6,
41.006167,5.119e+6,
41.012133,5.231e+6,
41.018117,5.358e+6,
41.024100,5.269e+6,
41.029817,5.203e+6,
41.035800,4.929e+6,
41.041783,4.976e+6,
41.047500,4.917e+6,
41.053483,5.026e+6,
41.059467,4.935e+6,
41.065433,4.884e+6,
41.071167,4.832e+6,
41.077133,4.906e+6,
41.083117,4.905e+6,
41.088833,4.795e+6,
41.094817,4.707e+6,
41.100800,4.575e+6,
41.106517,4.610e+6,
41.112500,4.612e+6,
41.118483,4.770e+6,
41.124467,4.824e+6,
41.130183,4.911e+6,
41.136167,4.901e+6,
41.142133,4.872e+6,
41.147867,4.745e+6,
41.153833,4.709e+6,
41.159817,4.763e+6,
41.165800,4.836e+6,
41.171517,4.871e+6,
41.177500,4.817e+6,
41.183483,4.843e+6,
41.189200,4.836e+6,
41.195183,4.835e+6,
41.201167,4.788e+6,
41.206883,4.720e+6,
41.212867,4.708e+6,
41.218833,4.764e+6,
41.224817,4.801e+6,
41.230533,4.822e+6,
41.236517,4.789e+6,
41.242500,4.776e+6,
41.248217,4.721e+6,
41.254200,4.686e+6,
41.260183,4.687e+6,
41.266167,4.697e+6,
41.271883,4.725e+6,
41.277867,4.672e+6,
41.283833,4.672e+6,
41.289567,4.724e+6,
41.295533,4.682e+6,
41.301517,4.665e+6,
41.307500,4.536e+6,
41.313217,4.544e+6,
41.319200,4.635e+6,
41.325183,4.624e+6,
41.330900,4.714e+6,
41.336883,4.571e+6,
41.342867,4.622e+6,
41.348833,4.612e+6,
41.354567,4.666e+6,
41.360533,4.691e+6,
41.366517,4.739e+6,
41.372233,4.752e+6,
41.378217,4.839e+6,
41.384200,4.923e+6,
41.390183,5.078e+6,
41.395900,5.043e+6,
41.401883,4.956e+6,
41.407867,4.884e+6,
41.413583,4.834e+6,
41.419567,4.882e+6,
41.425533,4.899e+6,
41.431267,4.973e+6,
41.437233,4.821e+6,
41.443217,4.741e+6,
41.449200,4.651e+6,
41.454917,4.741e+6,
41.460900,4.794e+6,
41.466883,4.915e+6,
41.472600,5.040e+6,
41.478583,5.172e+6,
41.484567,5.244e+6,
41.490550,5.410e+6,
41.496267,5.622e+6,
41.502250,5.709e+6,
41.508217,5.871e+6,
41.513950,5.821e+6,
41.519917,5.969e+6,
41.525900,5.956e+6,
41.531617,5.948e+6,
41.537600,5.764e+6,
41.543583,5.465e+6,
41.549567,5.391e+6,
41.555283,5.437e+6,
41.561267,5.469e+6,
41.567250,5.279e+6,
41.572967,5.125e+6,
41.578950,5.036e+6,
41.584917,5.093e+6,
41.590650,5.057e+6,
41.596617,5.140e+6,
41.602600,5.170e+6,
41.608583,5.086e+6,
41.614300,4.968e+6,
41.620283,4.865e+6,
41.626267,4.986e+6,
41.631983,5.085e+6,
41.637967,5.109e+6,
41.643950,5.008e+6,
41.649917,4.964e+6,
41.655650,5.061e+6,
41.661617,5.132e+6,
41.667600,5.217e+6,
41.673317,5.314e+6,
41.679300,5.450e+6,
41.685283,5.404e+6,
41.691267,5.261e+6,
41.696983,5.273e+6,
41.702967,5.176e+6,
41.708950,5.188e+6,
41.714667,5.057e+6,
41.720650,5.127e+6,
41.726617,5.109e+6,
41.732600,5.195e+6,
41.738317,5.292e+6,
41.744300,5.380e+6,
41.750283,5.403e+6,
41.756000,5.270e+6,
41.761983,5.228e+6,
41.767967,5.205e+6,
41.773950,5.249e+6,
41.779667,5.302e+6,
41.785650,5.336e+6,
41.791617,5.274e+6,
41.797350,5.295e+6,
41.803317,5.122e+6,
41.809300,5.188e+6,
41.815017,5.264e+6,
41.821000,5.540e+6,
41.826983,5.686e+6,
41.832967,5.734e+6,
41.838683,5.793e+6,
41.844667,5.730e+6,
41.850650,5.510e+6,
41.856367,5.498e+6,
41.862350,5.639e+6,
41.868317,5.855e+6,
41.874050,5.741e+6,
41.880017,5.667e+6,
41.886000,5.683e+6,
41.891983,5.827e+6,
41.897700,5.870e+6,
41.903683,5.867e+6,
41.909667,5.774e+6,
41.915383,5.749e+6,
41.921367,5.881e+6,
41.927350,5.906e+6,
41.933317,6.133e+6,
41.939050,6.165e+6,
41.945017,6.165e+6,
41.951000,5.978e+6,
41.956717,5.874e+6,
41.962700,6.002e+6,
41.968683,6.105e+6,
41.974667,6.143e+6,
41.980383,6.140e+6,
41.986367,5.996e+6,
41.992350,5.932e+6,
41.998067,5.817e+6,
42.004050,5.914e+6,
42.010033,5.856e+6,
42.016000,5.750e+6,
42.021733,5.601e+6,
42.027700,5.643e+6,
42.033683,5.743e+6,
42.039400,5.741e+6,
42.045383,5.596e+6,
42.051367,5.564e+6,
42.057083,5.534e+6,
42.063067,5.466e+6,
42.069050,5.455e+6,
42.075033,5.455e+6,
42.080750,5.496e+6,
42.086733,5.510e+6,
42.092700,5.492e+6,
42.098433,5.457e+6,
42.104400,5.383e+6,
42.110383,5.342e+6,
42.116367,5.487e+6,
42.122083,5.380e+6,
42.128067,5.346e+6,
42.134050,5.244e+6,
42.139767,5.193e+6,
42.145750,5.298e+6,
42.151733,5.349e+6,
42.157700,5.428e+6,
42.163433,5.278e+6,
42.169400,5.119e+6,
42.175383,5.178e+6,
42.181100,5.307e+6,
42.187083,5.389e+6,
42.193067,5.390e+6,
42.198783,5.274e+6,
42.204767,5.241e+6,
42.210750,5.174e+6,
42.216733,5.291e+6,
42.222450,5.302e+6,
42.228433,5.353e+6,
42.234400,5.360e+6,
42.240133,5.370e+6,
42.246100,5.360e+6,
42.252083,5.322e+6,
42.258067,5.404e+6,
42.263783,5.486e+6,
42.269767,5.641e+6,
42.275750,5.574e+6,
42.281467,5.634e+6,
42.287450,5.439e+6,
42.293433,5.597e+6,
42.299150,5.472e+6,
42.305133,5.707e+6,
42.311100,5.624e+6,
42.317083,5.616e+6,
42.322800,5.381e+6,
42.328783,5.302e+6,
42.334767,5.506e+6,
42.340483,5.823e+6,
42.346467,6.091e+6,
42.352450,6.659e+6,
42.358433,8.181e+6,
42.364150,1.094e+7,
42.370133,1.601e+7,
42.376100,2.374e+7,
42.381833,3.454e+7,
42.387800,4.769e+7,
42.393783,6.197e+7,
42.399767,7.726e+7,
42.405483,9.052e+7,
42.411467,9.977e+7,
42.417450,1.025e+8,
42.423167,9.884e+7,
42.429150,8.790e+7,
42.435133,7.272e+7,
42.441100,5.601e+7,
42.446833,4.259e+7,
42.452800,3.217e+7,
42.458783,2.507e+7,
42.464500,2.031e+7,
42.470483,1.748e+7,
42.476467,1.557e+7,
42.482450,1.446e+7,
42.488167,1.348e+7,
42.494150,1.274e+7,
42.500133,1.194e+7,
42.505850,1.153e+7,
42.511833,1.116e+7,
42.517817,1.082e+7,
42.523783,1.049e+7,
42.529517,1.024e+7,
42.535483,9.881e+6,
42.541467,9.642e+6,
42.547183,9.331e+6,
42.553167,9.364e+6,
42.559150,9.224e+6,
42.564867,9.140e+6,
42.570850,8.858e+6,
42.576833,8.629e+6,
42.582817,8.368e+6,
42.588533,8.215e+6,
42.594517,8.031e+6,
42.600483,7.987e+6,
42.606217,7.834e+6,
42.612183,7.846e+6,
42.618167,7.801e+6,
42.624150,7.928e+6,
42.629867,7.525e+6,
42.635850,7.392e+6,
42.641833,7.095e+6,
42.647550,7.183e+6,
42.653533,7.253e+6,
42.659517,7.329e+6,
42.665483,7.205e+6,
42.671217,6.853e+6,
42.677183,6.760e+6,
42.683167,6.906e+6,
42.688883,7.083e+6,
42.694867,7.035e+6,
42.700850,7.018e+6,
42.706567,6.905e+6,
42.712550,6.881e+6,
42.718533,6.668e+6,
42.724517,6.538e+6,
42.730233,6.403e+6,
42.736217,6.517e+6,
42.742183,6.611e+6,
42.747917,6.680e+6,
42.753883,6.686e+6,
42.759867,6.768e+6,
42.765850,6.767e+6,
42.771567,6.860e+6,
42.777550,6.869e+6,
42.783533,6.956e+6,
42.789250,6.946e+6,
42.795233,7.024e+6,
42.801217,7.189e+6,
42.807183,7.150e+6,
42.812917,7.140e+6,
42.818883,6.901e+6,
42.824867,6.737e+6,
42.830583,6.581e+6,
42.836567,6.525e+6,
42.842550,6.491e+6,
42.848267,6.564e+6,
42.854250,6.528e+6,
42.860233,6.570e+6,
42.866217,6.378e+6,
42.871933,6.311e+6,
42.877917,6.161e+6,
42.883883,6.096e+6,
42.889617,6.170e+6,
42.895583,6.225e+6,
42.901567,6.332e+6,
42.907550,6.294e+6,
42.913267,6.279e+6,
42.919250,6.195e+6,
42.925233,6.221e+6,
42.930950,6.314e+6,
42.936933,6.321e+6,
42.942917,6.210e+6,
42.948883,6.096e+6,
42.954617,6.107e+6,
42.960583,5.968e+6,
42.966567,5.916e+6,
42.972283,5.886e+6,
42.978267,6.029e+6,
42.984250,6.133e+6,
42.989967,6.223e+6,
42.995950,6.244e+6,
43.001933,6.300e+6,
43.007917,6.202e+6,
43.013633,6.102e+6,
43.019617,6.064e+6,
43.025583,6.135e+6,
43.031317,6.194e+6,
43.037283,6.184e+6,
43.043267,6.122e+6,
43.049250,6.079e+6,
43.054967,5.916e+6,
43.060950,5.856e+6,
43.066933,5.864e+6,
43.072650,5.960e+6,
43.078633,6.029e+6,
43.084617,5.956e+6,
43.090600,6.042e+6,
43.096317,6.085e+6,
43.102300,6.234e+6,
43.108267,6.222e+6,
43.114000,6.078e+6,
43.119967,5.887e+6,
43.125950,5.758e+6,
43.131667,5.804e+6,
43.137650,6.046e+6,
43.143633,6.216e+6,
43.149617,6.484e+6,
43.155333,6.410e+6,
43.161317,6.527e+6,
43.167300,6.518e+6,
43.173017,6.629e+6,
43.179000,6.657e+6,
43.184967,6.645e+6,
43.190950,6.687e+6,
43.196667,6.657e+6,
43.202650,6.525e+6,
43.208633,6.481e+6,
43.214350,6.274e+6,
43.220333,6.290e+6,
43.226317,6.308e+6,
43.232033,6.232e+6,
43.238017,6.229e+6,
43.244000,6.136e+6,
43.249967,6.156e+6,
43.255700,6.022e+6,
43.261667,6.043e+6,
43.267650,6.023e+6,
43.273367,6.050e+6,
43.279350,6.035e+6,
43.285333,5.997e+6,
43.291050,6.114e+6,
43.297033,5.958e+6,
43.303017,6.018e+6,
43.309000,5.885e+6,
43.314717,6.162e+6,
43.320700,6.186e+6,
43.326667,6.090e+6,
43.332400,5.974e+6,
43.338367,6.049e+6,
43.344350,6.156e+6,
43.350333,6.040e+6,
43.356050,5.887e+6,
43.362033,5.869e+6,
43.368017,5.779e+6,
43.373733,5.895e+6,
43.379717,5.942e+6,
43.385700,6.000e+6,
43.391667,6.022e+6,
43.397400,5.984e+6,
43.403367,5.958e+6,
43.409350,5.771e+6,
43.415067,5.732e+6,
43.421050,5.826e+6,
43.427033,5.851e+6,
43.433017,5.759e+6,
43.438733,5.709e+6,
43.444717,5.767e+6,
43.450700,5.810e+6,
43.456417,5.843e+6,
43.462400,5.854e+6,
43.468367,5.733e+6,
43.474100,5.735e+6,
43.480067,5.761e+6,
43.486050,5.896e+6,
43.492033,5.941e+6,
43.497750,5.874e+6,
43.503733,5.919e+6,
43.509717,5.908e+6,
43.515433,5.871e+6,
43.521417,5.822e+6,
43.527400,5.756e+6,
43.533117,5.634e+6,
43.539100,5.665e+6,
43.545333,5.675e+6,
43.551050,5.782e+6,
43.557033,5.844e+6,
43.563017,5.702e+6,
43.569000,5.683e+6,
43.574717,5.562e+6,
43.580700,5.675e+6,
43.586683,5.711e+6,
43.592400,5.622e+6,
43.598383,5.563e+6,
43.604350,5.626e+6,
43.610333,5.652e+6,
43.616050,5.786e+6,
43.622033,5.774e+6,
43.628017,5.901e+6,
43.633733,5.910e+6,
43.639717,5.851e+6,
43.645700,5.768e+6,
43.651683,5.782e+6,
43.657400,5.854e+6,
43.663383,5.889e+6,
43.669350,5.687e+6,
43.675083,5.661e+6,
43.681050,5.700e+6,
43.687033,5.822e+6,
43.692750,5.639e+6,
43.698733,5.604e+6,
43.704717,5.493e+6,
43.710700,5.652e+6,
43.716417,5.598e+6,
43.722400,5.578e+6,
43.728383,5.650e+6,
43.734100,5.755e+6,
43.740083,5.955e+6,
43.746050,5.884e+6,
43.752033,5.940e+6,
43.757750,5.938e+6,
43.763733,5.963e+6,
43.769717,5.951e+6,
43.775433,5.997e+6,
43.781417,6.135e+6,
43.787400,6.125e+6,
43.793117,6.114e+6,
43.799100,5.905e+6,
43.805083,5.935e+6,
43.811050,6.027e+6,
43.816783,6.129e+6,
43.822750,6.051e+6,
43.828733,5.813e+6,
43.834450,5.831e+6,
43.840433,5.865e+6,
43.846417,5.813e+6,
43.852400,5.740e+6,
43.858117,5.751e+6,
43.864100,5.702e+6,
43.870083,5.726e+6,
43.875800,5.667e+6,
43.881783,5.770e+6,
43.887750,5.771e+6,
43.893483,5.753e+6,
43.899450,5.681e+6,
43.905433,5.676e+6,
43.911417,5.669e+6,
43.917133,5.625e+6,
43.923117,5.546e+6,
43.929100,5.597e+6,
43.934817,5.780e+6,
43.940800,5.886e+6,
43.946783,5.824e+6,
43.952750,5.695e+6,
43.958483,5.649e+6,
43.964450,5.604e+6,
43.970433,5.625e+6,
43.976150,5.580e+6,
43.982133,5.646e+6,
43.988117,5.666e+6,
43.994100,5.543e+6,
43.999817,5.480e+6,
44.005800,5.539e+6,
44.011783,5.661e+6,
44.017500,5.773e+6,
44.023483,5.664e+6,
44.029450,5.647e+6,
44.035433,5.589e+6,
44.041150,5.683e+6,
44.047133,5.670e+6,
44.053117,5.652e+6,
44.058833,5.643e+6,
44.064817,5.733e+6,
44.070800,5.823e+6,
44.076517,5.750e+6,
44.082500,5.709e+6,
44.088483,5.671e+6,
44.094467,5.634e+6,
44.100183,5.691e+6,
44.106167,5.728e+6,
44.112133,5.848e+6,
44.117867,5.859e+6,
44.123833,5.843e+6,
44.129817,5.882e+6,
44.135800,6.068e+6,
44.141517,6.006e+6,
44.147500,6.087e+6,
44.153483,6.017e+6,
44.159200,5.989e+6,
44.165183,5.991e+6,
44.171167,5.855e+6,
44.177133,5.955e+6,
44.182867,5.835e+6,
44.188833,5.942e+6,
44.194817,6.069e+6,
44.200533,6.254e+6,
44.206517,6.271e+6,
44.212500,6.178e+6,
44.218217,6.225e+6,
44.224200,6.226e+6,
44.230183,6.240e+6,
44.236167,6.178e+6,
44.241883,6.343e+6,
44.247867,6.443e+6,
44.253833,6.286e+6,
44.259567,6.149e+6,
44.265533,6.197e+6,
44.271517,6.387e+6,
44.277500,6.380e+6,
44.283217,6.347e+6,
44.289200,6.361e+6,
44.295183,6.549e+6,
44.300900,6.495e+6,
44.306883,6.483e+6,
44.312867,6.453e+6,
44.318583,6.623e+6,
44.324567,6.767e+6,
44.330533,6.923e+6,
44.336517,6.990e+6,
44.342233,6.924e+6,
44.348217,6.914e+6,
44.354200,6.836e+6,
44.359917,6.848e+6,
44.365900,6.655e+6,
44.371883,6.612e+6,
44.377867,6.524e+6,
44.383583,6.551e+6,
44.389567,6.642e+6,
44.395533,6.813e+6,
44.401267,6.760e+6,
44.407233,6.760e+6,
44.413217,6.608e+6,
44.419200,6.584e+6,
44.424917,6.450e+6,
44.430900,6.274e+6,
44.436883,6.226e+6,
44.442600,5.977e+6,
44.448583,6.012e+6,
44.454567,5.787e+6,
44.460533,5.934e+6,
44.466267,6.056e+6,
44.472233,6.231e+6,
44.478217,6.104e+6,
44.483933,5.920e+6,
44.489917,5.832e+6,
44.495900,5.821e+6,
44.501883,5.791e+6,
44.507600,5.871e+6,
44.513583,5.967e+6,
44.519567,6.060e+6,
44.525283,6.107e+6,
44.531267,6.108e+6,
44.537233,6.151e+6,
44.543217,6.298e+6,
44.548933,6.570e+6,
44.554917,6.884e+6,
44.560900,6.953e+6,
44.566617,7.034e+6,
44.572600,6.982e+6,
44.578583,7.001e+6,
44.584567,6.798e+6,
44.590283,6.615e+6,
44.596267,6.325e+6,
44.602250,6.040e+6,
44.607967,5.956e+6,
44.613950,5.886e+6,
44.619917,6.001e+6,
44.625650,6.010e+6,
44.631617,6.096e+6,
44.637600,6.186e+6,
44.643583,6.098e+6,
44.649300,6.108e+6,
44.655283,6.050e+6,
44.661267,6.125e+6,
44.666983,5.960e+6,
44.672967,5.904e+6,
44.678950,5.883e+6,
44.684917,6.012e+6,
44.690650,5.990e+6,
44.696617,5.902e+6,
44.702600,5.857e+6,
44.708317,5.903e+6,
44.714300,5.843e+6,
44.720283,5.810e+6,
44.726000,5.818e+6,
44.731983,5.823e+6,
44.737967,5.797e+6,
44.743950,5.692e+6,
44.749667,5.788e+6,
44.755650,5.822e+6,
44.761617,5.895e+6,
44.767350,5.707e+6,
44.773317,5.686e+6,
44.779300,5.567e+6,
44.785017,5.797e+6,
44.791000,5.723e+6,
44.796983,6.003e+6,
44.802967,5.886e+6,
44.808683,5.953e+6,
44.814667,5.700e+6,
44.820650,5.756e+6,
44.826367,5.778e+6,
44.832350,5.875e+6,
44.838317,5.735e+6,
44.844300,5.626e+6,
44.850017,5.603e+6,
44.856000,5.703e+6,
44.861983,5.909e+6,
44.867700,5.873e+6,
44.873683,5.888e+6,
44.879667,5.735e+6,
44.885650,5.748e+6,
44.891367,5.736e+6,
44.897350,5.757e+6,
44.903317,5.852e+6,
44.909050,5.982e+6,
44.915017,5.978e+6,
44.921000,6.040e+6,
44.926983,5.981e+6,
44.932700,6.218e+6,
44.938683,6.171e+6,
44.944667,6.355e+6,
44.950383,6.191e+6,
44.956367,6.188e+6,
44.962350,6.055e+6,
44.968317,6.022e+6,
44.974050,6.071e+6,
44.980017,6.107e+6,
44.986000,6.239e+6,
44.991717,6.282e+6,
44.997700,6.276e+6,
45.003683,6.258e+6,
45.009667,6.195e+6,
45.015383,6.200e+6,
45.021367,6.447e+6,
45.027350,6.574e+6,
45.033067,6.558e+6,
45.039050,6.286e+6,
45.045017,6.281e+6,
45.050750,6.207e+6,
45.056717,6.385e+6,
45.062700,6.187e+6,
45.068683,6.304e+6,
45.074400,6.191e+6,
45.080383,6.359e+6,
45.086367,6.350e+6,
45.092083,6.421e+6,
45.098067,6.391e+6,
45.104050,6.495e+6,
45.110017,6.377e+6,
45.115750,6.488e+6,
45.121733,6.465e+6,
45.127700,6.622e+6,
45.133433,6.335e+6,
45.139400,6.251e+6,
45.145383,6.292e+6,
45.151367,6.399e+6,
45.157083,6.474e+6,
45.163067,6.428e+6,
45.169050,6.556e+6,
45.174767,6.579e+6,
45.180750,6.694e+6,
45.186733,6.664e+6,
45.192450,6.846e+6,
45.198433,6.758e+6,
45.204400,6.833e+6,
45.210383,6.790e+6,
45.216100,6.935e+6,
45.222083,7.163e+6,
45.228067,7.387e+6,
45.233783,7.696e+6,
45.239767,7.778e+6,
45.245750,7.903e+6,
45.251467,8.046e+6,
45.257450,8.339e+6,
45.263433,8.658e+6,
45.269400,8.556e+6,
45.275133,8.919e+6,
45.281100,9.309e+6,
45.287083,9.921e+6,
45.292800,1.011e+7,
45.298783,1.032e+7,
45.304767,1.065e+7,
45.310750,1.102e+7,
45.316467,1.144e+7,
45.322450,1.173e+7,
45.328433,1.206e+7,
45.334150,1.201e+7,
45.340133,1.244e+7,
45.346100,1.267e+7,
45.352083,1.281e+7,
45.357800,1.265e+7,
45.363783,1.263e+7,
45.369767,1.274e+7,
45.375483,1.241e+7,
45.381467,1.208e+7,
45.387450,1.196e+7,
45.393433,1.209e+7,
45.399150,1.217e+7,
45.405133,1.172e+7,
45.411100,1.156e+7,
45.416833,1.142e+7,
45.422800,1.148e+7,
45.428783,1.124e+7,
45.434767,1.082e+7,
45.440483,1.052e+7,
45.446467,1.015e+7,
45.452450,9.913e+6,
45.458167,9.624e+6,
45.464150,9.558e+6,
45.470133,9.313e+6,
45.475850,9.308e+6,
45.481833,9.130e+6,
45.487800,9.053e+6,
45.493783,8.784e+6,
45.499500,8.570e+6,
45.505483,8.470e+6,
45.511467,8.379e+6,
45.517183,8.206e+6,
45.523167,8.033e+6,
45.529150,7.907e+6,
45.535133,7.874e+6,
45.540850,7.747e+6,
45.546833,7.642e+6,
45.552800,7.529e+6,
45.558533,7.390e+6,
45.564500,7.231e+6,
45.570483,7.142e+6,
45.576200,7.235e+6,
45.582183,7.257e+6,
45.588167,7.229e+6,
45.593883,6.999e+6,
45.599867,6.971e+6,
45.605850,7.038e+6,
45.611833,7.135e+6,
45.617550,7.009e+6,
45.623533,6.945e+6,
45.629500,6.910e+6,
45.635233,6.964e+6,
45.641217,6.832e+6,
45.647183,6.857e+6,
45.653167,6.795e+6,
45.658883,6.771e+6,
45.664867,6.591e+6,
45.670850,6.535e+6,
45.676567,6.500e+6,
45.682550,6.461e+6,
45.688533,6.513e+6,
45.694250,6.576e+6,
45.700233,6.693e+6,
45.706217,6.660e+6,
45.712183,6.739e+6,
45.717917,6.687e+6,
45.723883,6.755e+6,
45.729867,6.739e+6,
45.735583,6.751e+6,
45.741567,6.691e+6,
45.747550,6.703e+6,
45.753533,6.771e+6,
45.759250,6.752e+6,
45.765233,6.567e+6,
45.771217,6.401e+6,
45.776933,6.494e+6,
45.782917,6.603e+6,
45.788883,6.711e+6,
45.794867,6.778e+6,
45.800583,6.822e+6,
45.806567,6.806e+6,
45.812550,6.630e+6,
45.818267,6.541e+6,
45.824250,6.510e+6,
45.830233,6.536e+6,
45.836217,6.556e+6,
45.841933,6.626e+6,
45.847917,6.780e+6,
45.853883,6.810e+6,
45.859617,6.779e+6,
45.865583,6.597e+6,
45.871567,6.495e+6,
45.877550,6.507e+6,
45.883267,6.466e+6,
45.889250,6.606e+6,
45.895233,6.639e+6,
45.900950,6.660e+6,
45.906933,6.652e+6,
45.912917,6.617e+6,
45.918633,6.669e+6,
45.924617,6.648e+6,
45.930583,6.626e+6,
45.936567,6.667e+6,
45.942283,6.753e+6,
45.948267,6.703e+6,
45.954250,6.758e+6,
45.959967,6.625e+6,
45.965950,6.690e+6,
45.971933,6.698e+6,
45.977917,6.755e+6,
45.983633,6.824e+6,
45.989617,6.679e+6,
45.995583,6.680e+6,
46.001317,6.601e+6,
46.007283,6.741e+6,
46.013267,6.710e+6,
46.018983,6.782e+6,
46.024967,6.680e+6,
46.030950,6.789e+6,
46.036933,6.703e+6,
46.042650,6.792e+6,
46.048633,6.594e+6,
46.054617,6.645e+6,
46.060333,6.530e+6,
46.066317,6.528e+6,
46.072283,6.506e+6,
46.078267,6.586e+6,
46.083983,6.708e+6,
46.089967,6.594e+6,
46.095950,6.552e+6,
46.101667,6.387e+6,
46.107650,6.443e+6,
46.113633,6.252e+6,
46.119350,6.225e+6,
46.125333,6.254e+6,
46.131317,6.428e+6,
46.137283,6.543e+6,
46.143017,6.416e+6,
46.148983,6.359e+6,
46.154967,6.395e+6,
46.160700,6.340e+6,
46.166667,6.236e+6,
46.172650,6.079e+6,
46.178367,6.282e+6,
46.184350,6.465e+6,
46.190333,6.573e+6,
46.196317,6.475e+6,
46.202033,6.529e+6,
46.208017,6.440e+6,
46.214000,6.463e+6,
46.219717,6.420e+6,
46.225700,6.466e+6,
46.231667,6.421e+6,
46.237650,6.338e+6,
46.243367,6.432e+6,
46.249350,6.447e+6,
46.255333,6.430e+6,
46.261050,6.437e+6,
46.267033,6.500e+6,
46.273017,6.614e+6,
46.279000,6.482e+6,
46.284717,6.516e+6,
46.290700,6.438e+6,
46.296667,6.311e+6,
46.302400,6.253e+6,
46.308367,6.365e+6,
46.314350,6.462e+6,
46.320333,6.372e+6,
46.326050,6.302e+6,
46.332033,6.373e+6,
46.338017,6.494e+6,
46.343733,6.436e+6,
46.349717,6.442e+6,
46.355700,6.483e+6,
46.361417,6.393e+6,
46.367400,6.446e+6,
46.373367,6.315e+6,
46.379350,6.410e+6,
46.385067,6.360e+6,
46.391050,6.389e+6,
46.397033,6.391e+6,
46.402750,6.363e+6,
46.408733,6.478e+6,
46.414717,6.510e+6,
46.420700,6.580e+6,
46.426417,6.623e+6,
46.432400,6.593e+6,
46.438367,6.571e+6,
46.444100,6.396e+6,
46.450067,6.543e+6,
46.456050,6.565e+6,
46.461767,6.627e+6,
46.467750,6.518e+6,
46.473733,6.417e+6,
46.479717,6.436e+6,
46.485433,6.456e+6,
46.491417,6.402e+6,
46.497400,6.383e+6,
46.503117,6.219e+6,
46.509100,6.377e+6,
46.515067,6.296e+6,
46.521050,6.433e+6,
46.526767,6.320e+6,
46.532750,6.419e+6,
46.538733,6.541e+6,
46.544450,6.649e+6,
46.550433,6.575e+6,
46.556417,6.341e+6,
46.562400,6.418e+6,
46.568117,6.411e+6,
46.574100,6.549e+6,
46.580067,6.407e+6,
46.585800,6.394e+6,
46.591767,6.375e+6,
46.597750,6.463e+6,
46.603733,6.497e+6,
46.609450,6.457e+6,
46.615433,6.394e+6,
46.621417,6.464e+6,
46.627133,6.603e+6,
46.633117,6.730e+6,
46.639100,6.767e+6,
46.644817,6.597e+6,
46.650800,6.485e+6,
46.656767,6.380e+6,
46.662750,6.453e+6,
46.668467,6.383e+6,
46.674450,6.540e+6,
46.680433,6.681e+6,
46.686150,6.682e+6,
46.692133,6.567e+6,
46.698117,6.361e+6,
46.704100,6.465e+6,
46.709817,6.536e+6,
46.715800,6.575e+6,
46.721783,6.414e+6,
46.727500,6.352e+6,
46.733483,6.234e+6,
46.739450,6.389e+6,
46.745433,6.399e+6,
46.751150,6.587e+6,
46.757133,6.639e+6,
46.763117,6.740e+6,
46.768833,6.700e+6,
46.774817,6.599e+6,
46.780800,6.607e+6,
46.786783,6.574e+6,
46.792500,6.710e+6,
46.798483,6.658e+6,
46.804450,6.761e+6,
46.810183,6.711e+6,
46.816150,6.638e+6,
46.822133,6.612e+6,
46.827850,6.603e+6,
46.833833,6.715e+6,
46.839817,6.627e+6,
46.845800,6.710e+6,
46.851517,6.538e+6,
46.857500,6.649e+6,
46.863483,6.593e+6,
46.869200,6.661e+6,
46.875183,6.521e+6,
46.881150,6.461e+6,
46.887133,6.488e+6,
46.892850,6.621e+6,
46.898833,6.754e+6,
46.904817,6.865e+6,
46.910533,6.935e+6,
46.916517,6.858e+6,
46.922500,6.861e+6,
46.928483,6.704e+6,
46.934200,6.754e+6,
46.940183,6.592e+6,
46.946150,6.815e+6,
46.951883,6.756e+6,
46.957850,6.768e+6,
46.963833,6.622e+6,
46.969817,6.594e+6,
46.975533,6.695e+6,
46.981517,6.681e+6,
46.987500,6.688e+6,
46.993217,6.612e+6,
46.999200,6.591e+6,
47.005183,6.710e+6,
47.011150,6.742e+6,
47.016883,6.826e+6,
47.022850,6.696e+6,
47.028833,6.797e+6,
47.034550,6.773e+6,
47.040533,6.809e+6,
47.046517,6.779e+6,
47.052500,6.803e+6,
47.058217,6.799e+6,
47.064200,6.510e+6,
47.070183,6.482e+6,
47.075900,6.521e+6,
47.081883,6.784e+6,
47.087850,6.717e+6,
47.093583,6.682e+6,
47.099550,6.665e+6,
47.105533,6.789e+6,
47.111517,6.705e+6,
47.117233,6.639e+6,
47.123217,6.563e+6,
47.129200,6.553e+6,
47.134917,6.572e+6,
47.140900,6.605e+6,
47.146883,6.618e+6,
47.152850,6.695e+6,
47.158583,6.671e+6,
47.164550,6.735e+6,
47.170533,6.707e+6,
47.176250,6.672e+6,
47.182233,6.766e+6,
47.188217,6.712e+6,
47.194200,6.758e+6,
47.199917,6.714e+6,
47.205900,6.717e+6,
47.211883,6.827e+6,
47.217600,6.818e+6,
47.223583,7.019e+6,
47.229567,6.961e+6,
47.235533,7.083e+6,
47.241267,7.062e+6,
47.247233,7.186e+6,
47.253217,7.201e+6,
47.258933,7.131e+6,
47.264917,7.030e+6,
47.270900,6.941e+6,
47.276617,7.044e+6,
47.282600,7.092e+6,
47.288583,7.153e+6,
47.294567,7.062e+6,
47.300283,6.982e+6,
47.306267,6.938e+6,
47.312233,6.805e+6,
47.317967,6.838e+6,
47.323933,6.856e+6,
47.329917,7.027e+6,
47.335900,7.071e+6,
47.341617,7.142e+6,
47.347600,7.011e+6,
47.353583,7.002e+6,
47.359300,6.866e+6,
47.365283,7.000e+6,
47.371267,6.912e+6,
47.376983,6.934e+6,
47.382967,6.911e+6,
47.388933,6.932e+6,
47.394917,6.991e+6,
47.400633,7.065e+6,
47.406617,7.003e+6,
47.412600,7.056e+6,
47.418317,6.848e+6,
47.424300,6.963e+6,
47.430283,6.858e+6,
47.436267,7.014e+6,
47.441983,7.023e+6,
47.447967,6.983e+6,
47.453933,6.981e+6,
47.459667,7.015e+6,
47.465633,7.059e+6,
47.471617,6.942e+6,
47.477600,6.829e+6,
47.483317,6.861e+6,
47.489300,6.861e+6,
47.495283,6.923e+6,
47.501000,6.878e+6,
47.506983,6.826e+6,
47.512967,6.690e+6,
47.518933,6.642e+6,
47.524667,6.793e+6,
47.530633,6.944e+6,
47.536617,7.018e+6,
47.542333,6.966e+6,
47.548317,6.905e+6,
47.554300,6.932e+6,
47.560283,6.996e+6,
47.566000,7.023e+6,
47.571983,7.033e+6,
47.577967,6.966e+6,
47.583683,7.005e+6,
47.589667,7.012e+6,
47.595633,7.023e+6,
47.601367,7.161e+6,
47.607333,7.203e+6,
47.613317,7.453e+6,
47.619300,7.242e+6,
47.625017,7.350e+6,
47.631000,7.123e+6,
47.636983,7.090e+6,
47.642700,7.055e+6,
47.648683,7.041e+6,
47.654667,7.081e+6,
47.660633,6.964e+6,
47.666367,7.064e+6,
47.672333,7.102e+6,
47.678317,7.108e+6,
47.684033,6.992e+6,
47.690017,7.071e+6,
47.696000,7.003e+6,
47.701983,7.033e+6,
47.707700,6.941e+6,
47.713683,6.887e+6,
47.719667,6.946e+6,
47.725383,6.919e+6,
47.731367,7.009e+6,
47.737350,6.978e+6,
47.743067,6.952e+6,
47.749050,7.054e+6,
47.755017,6.995e+6,
47.761000,7.145e+6,
47.766717,7.036e+6,
47.772700,7.256e+6,
47.778683,7.251e+6,
47.784400,7.153e+6,
47.790383,6.835e+6,
47.796367,6.774e+6,
47.802350,6.826e+6,
47.808067,7.172e+6,
47.814050,7.244e+6,
47.820017,7.264e+6,
47.825750,7.109e+6,
47.831717,7.204e+6,
47.837700,7.309e+6,
47.843683,7.247e+6,
47.849400,7.200e+6,
47.855383,7.123e+6,
47.861367,7.085e+6,
47.867083,6.928e+6,
47.873067,6.843e+6,
47.879050,6.946e+6,
47.885017,7.002e+6,
47.890750,7.034e+6,
47.896717,7.010e+6,
47.902700,6.992e+6,
47.908417,7.020e+6,
47.914400,7.053e+6,
47.920383,7.082e+6,
47.926367,7.051e+6,
47.932083,7.074e+6,
47.938067,7.009e+6,
47.944050,7.192e+6,
47.949767,7.242e+6,
47.955750,7.419e+6,
47.961717,7.307e+6,
47.967700,7.201e+6,
47.973417,6.938e+6,
47.979400,6.900e+6,
47.985383,6.965e+6,
47.991100,7.069e+6,
47.997083,7.080e+6,
48.003067,7.032e+6,
48.009050,6.980e+6,
48.014767,7.066e+6,
48.020750,7.270e+6,
48.026717,7.483e+6,
48.032450,7.455e+6,
48.038417,7.239e+6,
48.044400,7.105e+6,
48.050117,7.197e+6,
48.056100,7.166e+6,
48.062083,7.357e+6,
48.068067,7.262e+6,
48.073783,7.295e+6,
48.079767,7.246e+6,
48.085750,7.227e+6,
48.091467,7.231e+6,
48.097450,7.205e+6,
48.103417,7.120e+6,
48.109400,7.147e+6,
48.115117,7.201e+6,
48.121100,7.319e+6,
48.127083,7.322e+6,
48.132800,7.187e+6,
48.138783,7.121e+6,
48.144767,7.322e+6,
48.150483,7.450e+6,
48.156467,7.479e+6,
48.162450,7.370e+6,
48.168417,7.397e+6,
48.174150,7.523e+6,
48.180117,7.545e+6,
48.186100,7.566e+6,
48.191817,7.540e+6,
48.197800,7.422e+6,
48.203783,7.316e+6,
48.209767,7.372e+6,
48.215483,7.276e+6,
48.221467,7.247e+6,
48.227450,7.230e+6,
48.233167,7.270e+6,
48.239150,7.186e+6,
48.245133,7.014e+6,
48.251100,7.042e+6,
48.256833,7.094e+6,
48.262800,7.224e+6,
48.268783,7.199e+6,
48.274500,7.316e+6,
48.280483,7.146e+6,
48.286467,7.311e+6,
48.292450,7.157e+6,
48.298167,7.343e+6,
48.304150,7.345e+6,
48.310133,7.374e+6,
48.315850,7.351e+6,
48.321833,7.330e+6,
48.327800,7.353e+6,
48.333533,7.427e+6,
48.339500,7.480e+6,
48.345483,7.456e+6,
48.351467,7.446e+6,
48.357183,7.247e+6,
48.363167,7.346e+6,
48.369150,7.309e+6,
48.374867,7.408e+6,
48.380850,7.361e+6,
48.386833,7.279e+6,
48.392800,7.182e+6,
48.398533,7.212e+6,
48.404500,7.375e+6,
48.410483,7.392e+6,
48.416200,7.514e+6,
48.422183,7.303e+6,
48.428167,7.540e+6,
48.433883,7.437e+6,
48.439867,7.676e+6,
48.445850,7.512e+6,
48.451833,7.479e+6,
48.457550,7.329e+6,
48.463533,7.264e+6,
48.469500,7.366e+6,
48.475233,7.428e+6,
48.481200,7.553e+6,
48.487183,7.523e+6,
48.493167,7.567e+6,
48.498883,7.550e+6,
48.504867,7.505e+6,
48.510850,7.448e+6,
48.516567,7.533e+6,
48.522550,7.703e+6,
48.528533,7.671e+6,
48.534500,7.642e+6,
48.540233,7.460e+6,
48.546200,7.535e+6,
48.552183,7.440e+6,
48.557900,7.502e+6,
48.563883,7.517e+6,
48.569867,7.618e+6,
48.575583,7.557e+6,
48.581567,7.523e+6,
48.587550,7.658e+6,
48.593533,7.552e+6,
48.599250,7.546e+6,
48.605233,7.353e+6,
48.611200,7.510e+6,
48.616933,7.577e+6,
48.622900,7.520e+6,
48.628883,7.551e+6,
48.634867,7.424e+6,
48.640583,7.425e+6,
48.646567,7.393e+6,
48.652550,7.440e+6,
48.658267,7.474e+6,
48.664250,7.433e+6,
48.670233,7.364e+6,
48.676200,7.456e+6,
48.681933,7.583e+6,
48.687900,7.643e+6,
48.693883,7.653e+6,
48.699600,7.572e+6,
48.705583,7.618e+6,
48.711567,7.599e+6,
48.717283,7.631e+6,
48.723267,7.718e+6,
48.729250,7.794e+6,
48.735233,7.797e+6,
48.740950,7.737e+6,
48.746933,7.737e+6,
48.752900,7.908e+6,
48.758633,7.951e+6,
48.764617,7.818e+6,
48.770583,7.571e+6,
48.776567,7.612e+6,
48.782283,7.672e+6,
48.788267,7.790e+6,
48.794250,7.684e+6,
48.799967,7.716e+6,
48.805950,7.750e+6,
48.811933,7.868e+6,
48.817917,8.011e+6,
48.823633,7.845e+6,
48.829617,7.718e+6,
48.835583,7.527e+6,
48.841317,7.689e+6,
48.847283,7.903e+6,
48.853267,7.907e+6,
48.858983,7.871e+6,
48.864967,7.749e+6,
48.870950,7.746e+6,
48.876933,7.732e+6,
48.882650,7.744e+6,
48.888633,7.598e+6,
48.894617,7.518e+6,
48.900333,7.497e+6,
48.906317,7.620e+6,
48.912283,7.649e+6,
48.918267,7.573e+6,
48.923983,7.567e+6,
48.929967,7.547e+6,
48.935950,7.703e+6,
48.941667,7.722e+6,
48.947650,7.866e+6,
48.953633,7.927e+6,
48.959350,8.029e+6,
48.965333,7.944e+6,
48.971317,7.794e+6,
48.977283,7.687e+6,
48.983017,7.655e+6,
48.988983,7.608e+6,
48.994967,7.639e+6,
49.000683,7.563e+6,
49.006667,7.546e+6,
49.012650,7.577e+6,
49.018633,7.639e+6,
49.024350,7.740e+6,
49.030333,7.741e+6,
49.036317,7.872e+6,
49.042033,7.791e+6,
49.048017,7.830e+6,
49.053983,7.928e+6,
49.059967,7.968e+6,
49.065683,7.792e+6,
49.071667,7.613e+6,
49.077650,7.569e+6,
49.083367,7.734e+6,
49.089350,7.749e+6,
49.095333,7.890e+6,
49.101317,7.909e+6,
49.107033,8.024e+6,
49.113017,8.074e+6,
49.118983,8.258e+6,
49.124717,8.284e+6,
49.130683,8.298e+6,
49.136667,8.212e+6,
49.142383,8.294e+6,
49.148367,8.496e+6,
49.154350,8.371e+6,
49.160333,8.351e+6,
49.166050,8.162e+6,
49.172033,8.335e+6,
49.178017,8.310e+6,
49.183733,8.377e+6,
49.189717,8.413e+6,
49.195683,8.499e+6,
49.201667,8.402e+6,
49.207383,8.478e+6,
49.213367,8.529e+6,
49.219350,8.557e+6,
49.225067,8.595e+6,
49.231050,8.782e+6,
49.237033,8.922e+6,
49.243017,8.932e+6,
49.248733,8.890e+6,
49.254717,8.996e+6,
49.260683,8.979e+6,
49.266417,9.070e+6,
49.272383,9.015e+6,
49.278367,9.196e+6,
49.284100,9.231e+6,
49.290067,9.278e+6,
49.296050,9.300e+6,
49.302033,9.387e+6,
49.307750,9.555e+6,
49.313733,9.598e+6,
49.319717,9.565e+6,
49.325433,9.436e+6,
49.331417,9.215e+6,
49.337400,9.030e+6,
49.343367,9.160e+6,
49.349100,9.244e+6,
49.355067,9.023e+6,
49.361050,8.714e+6,
49.366767,8.814e+6,
49.372750,9.046e+6,
49.378733,9.258e+6,
49.384450,9.047e+6,
49.390433,9.136e+6,
49.396417,9.052e+6,
49.402400,9.126e+6,
49.408117,9.096e+6,
49.414100,9.172e+6,
49.420067,9.179e+6,
49.425800,9.134e+6,
49.431767,8.884e+6,
49.437750,8.768e+6,
49.443733,8.615e+6,
49.449450,8.590e+6,
49.455433,8.497e+6,
49.461417,8.321e+6,
49.467133,8.292e+6,
49.473117,8.420e+6,
49.479100,8.396e+6,
49.484817,8.396e+6,
49.490800,8.201e+6,
49.496767,8.190e+6,
49.502750,8.236e+6,
49.508467,8.287e+6,
49.514450,8.271e+6,
49.520433,8.171e+6,
49.526417,8.105e+6,
49.532133,8.126e+6,
49.538117,8.207e+6,
49.544100,8.242e+6,
49.549817,8.238e+6,
49.555800,8.219e+6,
49.561767,8.198e+6,
49.567500,8.221e+6,
49.573467,8.108e+6,
49.579450,8.047e+6,
49.585433,8.044e+6,
49.591150,8.184e+6,
49.597133,8.351e+6,
49.603117,8.564e+6,
49.608833,8.584e+6,
49.614817,8.493e+6,
49.620800,8.308e+6,
49.626767,8.279e+6,
49.632500,8.388e+6,
49.638467,8.471e+6,
49.644450,8.522e+6,
49.650167,8.679e+6,
49.656150,8.766e+6,
49.662133,8.830e+6,
49.667850,8.763e+6,
49.673833,8.803e+6,
49.679817,8.730e+6,
49.685800,8.656e+6,
49.691517,8.483e+6,
49.697500,8.397e+6,
49.703467,8.348e+6,
49.709200,8.323e+6,
49.715167,8.449e+6,
49.721150,8.423e+6,
49.727133,8.536e+6,
49.732850,8.362e+6,
49.738833,8.296e+6,
49.744817,8.232e+6,
49.750533,8.310e+6,
49.756517,8.449e+6,
49.762500,8.367e+6,
49.768467,8.368e+6,
49.774200,8.400e+6,
49.780167,8.315e+6,
49.786150,8.397e+6,
49.791867,8.232e+6,
49.797850,8.333e+6,
49.803833,8.133e+6,
49.809550,8.183e+6,
49.815533,8.333e+6,
49.821517,8.441e+6,
49.827500,8.523e+6,
49.833217,8.551e+6,
49.839200,8.671e+6,
49.845183,8.752e+6,
49.850900,8.683e+6,
49.856883,8.557e+6,
49.862850,8.405e+6,
49.868833,8.402e+6,
49.874550,8.498e+6,
49.880533,8.513e+6,
49.886517,8.489e+6,
49.892233,8.471e+6,
49.898217,8.492e+6,
49.904200,8.612e+6,
49.910183,8.695e+6,
49.915900,8.583e+6,
49.921883,8.462e+6,
49.927850,8.339e+6,
49.933583,8.471e+6,
49.939550,8.485e+6,
49.945533,8.531e+6,
49.951250,8.594e+6,
49.957233,8.707e+6,
49.963217,8.673e+6,
49.969200,8.613e+6,
49.974917,8.731e+6,
49.980900,8.703e+6,
49.986883,8.741e+6,
49.992600,8.443e+6,
49.998583,8.556e+6,
50.004550,8.355e+6,
50.010533,8.306e+6,
50.016250,8.235e+6,
50.022233,8.445e+6,
50.028217,8.528e+6,
50.033933,8.559e+6,
50.039917,8.603e+6,
50.045900,8.745e+6,
50.051617,8.739e+6,
50.057600,8.744e+6,
50.063583,8.645e+6,
50.069550,8.743e+6,
50.075283,8.644e+6,
50.081250,8.742e+6,
50.087233,8.808e+6,
50.092950,8.884e+6,
50.098933,8.918e+6,
50.104917,8.823e+6,
50.110900,8.740e+6,
50.116617,8.662e+6,
50.122600,8.472e+6,
50.128583,8.414e+6,
50.134300,8.475e+6,
50.140283,8.534e+6,
50.146250,8.662e+6,
50.152233,8.504e+6,
50.157950,8.601e+6,
50.163933,8.576e+6,
50.169917,8.613e+6,
50.175633,8.507e+6,
50.181617,8.476e+6,
50.187600,8.625e+6,
50.193317,8.806e+6,
50.199300,8.801e+6,
50.205283,8.799e+6,
50.211250,8.781e+6,
50.216983,8.824e+6,
50.222950,8.790e+6,
50.228933,8.987e+6,
50.234650,9.145e+6,
50.240633,9.328e+6,
50.246617,9.199e+6,
50.252600,9.077e+6,
50.258317,8.839e+6,
50.264300,8.843e+6,
50.270283,8.902e+6,
50.276000,9.087e+6,
50.281983,9.234e+6,
50.287950,9.350e+6,
50.293683,9.182e+6,
50.299650,9.077e+6,
50.305633,9.164e+6,
50.311617,9.279e+6,
50.317333,9.275e+6,
50.323317,9.140e+6,
50.329300,9.088e+6,
50.335017,9.211e+6,
50.341000,9.080e+6,
50.346983,9.149e+6,
50.352967,8.884e+6,
50.358683,9.103e+6,
50.364667,9.199e+6,
50.370633,9.334e+6,
50.376367,9.129e+6,
50.382333,8.962e+6,
50.388317,9.089e+6,
50.394300,9.004e+6,
50.400017,9.096e+6,
50.406000,8.965e+6,
50.411983,9.159e+6,
50.417700,9.020e+6,
50.423683,8.910e+6,
50.429667,8.712e+6,
50.435383,8.735e+6,
50.441367,8.782e+6,
50.447333,8.888e+6,
50.453317,8.804e+6,
50.459033,8.757e+6,
50.465017,8.824e+6,
50.471000,8.898e+6,
50.476717,9.084e+6,
50.482700,9.041e+6,
50.488683,8.956e+6,
50.494667,8.828e+6,
50.500383,8.964e+6,
50.506367,9.120e+6,
50.512333,9.134e+6,
50.518067,9.069e+6,
50.524033,9.089e+6,
50.530017,9.112e+6,
50.536000,9.043e+6,
50.541717,8.945e+6,
50.547700,9.032e+6,
50.553683,9.055e+6,
50.559400,9.059e+6,
50.565383,9.133e+6,
50.571367,9.022e+6,
50.577333,9.087e+6,
50.583067,9.024e+6,
50.589033,9.121e+6,
50.595017,9.097e+6,
50.600733,9.097e+6,
50.606717,9.095e+6,
50.612700,9.139e+6,
50.618683,9.092e+6,
50.624400,9.232e+6,
50.630383,9.244e+6,
50.636367,9.365e+6,
50.642083,9.313e+6,
50.648067,9.362e+6,
50.654033,9.173e+6,
50.659767,9.287e+6,
50.665733,9.327e+6,
50.671717,9.351e+6,
50.677700,9.317e+6,
50.683417,9.256e+6,
50.689400,9.381e+6,
50.695383,9.364e+6,
50.701100,9.337e+6,
50.707083,9.335e+6,
50.713067,9.352e+6,
50.719033,9.433e+6,
50.724767,9.255e+6,
50.730733,9.220e+6,
50.736717,9.223e+6,
50.742433,9.386e+6,
50.748417,9.319e+6,
50.754400,9.151e+6,
50.760383,9.112e+6,
50.766100,9.186e+6,
50.772083,9.472e+6,
50.778067,9.451e+6,
50.783783,9.298e+6,
50.789767,9.163e+6,
50.795733,9.088e+6,
50.801467,9.142e+6,
50.807433,9.049e+6,
50.813417,9.157e+6,
50.819400,9.162e+6,
50.825117,9.242e+6,
50.831100,9.145e+6,
50.837083,9.411e+6,
50.842800,9.454e+6,
50.848783,9.548e+6,
50.854767,9.371e+6,
50.860750,9.362e+6,
50.866467,9.462e+6,
50.872450,9.461e+6,
50.878417,9.525e+6,
50.884150,9.471e+6,
50.890117,9.549e+6,
50.896100,9.571e+6,
50.902083,9.527e+6,
50.907800,9.322e+6,
50.913783,9.216e+6,
50.919767,9.112e+6,
50.925483,9.344e+6,
50.931467,9.347e+6,
50.937450,9.536e+6,
50.943417,9.461e+6,
50.949150,9.574e+6,
50.955117,9.587e+6,
50.961100,9.552e+6,
50.966817,9.524e+6,
50.972800,9.494e+6,
50.978783,9.601e+6,
50.984767,9.620e+6,
50.990483,9.633e+6,
50.996467,9.585e+6,
51.002450,9.691e+6,
51.008167,9.662e+6,
51.014150,9.692e+6,
51.020117,9.673e+6,
51.026100,9.795e+6,
51.031817,9.810e+6,
51.037800,9.768e+6,
51.043783,9.901e+6,
51.049500,9.991e+6,
51.055483,1.013e+7,
51.061467,1.008e+7,
51.067183,1.010e+7,
51.073167,1.015e+7,
51.079150,1.033e+7,
51.085117,1.052e+7,
51.090850,1.041e+7,
51.096817,1.033e+7,
51.102800,1.011e+7,
51.108517,1.010e+7,
51.114500,9.886e+6,
51.120483,1.010e+7,
51.126467,1.010e+7,
51.132183,1.009e+7,
51.138167,9.821e+6,
51.144150,9.800e+6,
51.149867,9.930e+6,
51.155850,1.008e+7,
51.161817,1.009e+7,
51.167800,1.006e+7,
51.173517,1.007e+7,
51.179500,1.006e+7,
51.185483,1.014e+7,
51.191200,1.028e+7,
51.197183,1.032e+7,
51.203167,1.030e+7,
51.209150,1.008e+7,
51.214867,1.012e+7,
51.220850,1.010e+7,
51.226817,1.016e+7,
51.232550,1.008e+7,
51.238517,9.969e+6,
51.244500,9.938e+6,
51.250483,1.001e+7,
51.256200,1.015e+7,
51.262183,1.037e+7,
51.268167,1.043e+7,
51.273883,1.051e+7,
51.279867,1.045e+7,
51.285850,1.024e+7,
51.291817,1.019e+7,
51.297550,1.012e+7,
51.303517,1.028e+7,
51.309500,1.018e+7,
51.315217,1.004e+7,
51.321200,1.013e+7,
51.327183,1.018e+7,
51.332900,1.047e+7,
51.338883,1.017e+7,
51.344867,1.013e+7,
51.350850,9.779e+6,
51.356567,1.002e+7,
51.362550,1.006e+7,
51.368533,1.027e+7,
51.374250,1.039e+7,
51.380233,1.041e+7,
51.386200,1.057e+7,
51.392183,1.063e+7,
51.397900,1.088e+7,
51.403883,1.109e+7,
51.409867,1.128e+7,
51.415583,1.122e+7,
51.421567,1.120e+7,
51.427550,1.104e+7,
51.433533,1.119e+7,
51.439250,1.117e+7,
51.445233,1.107e+7,
51.451200,1.077e+7,
51.456933,1.051e+7,
51.462900,1.060e+7,
51.468883,1.062e+7,
51.474600,1.063e+7,
51.480583,1.050e+7,
51.486567,1.051e+7,
51.492550,1.044e+7,
51.498267,1.056e+7,
51.504250,1.072e+7,
51.510233,1.096e+7,
51.515950,1.086e+7,
51.521933,1.082e+7,
51.527900,1.075e+7,
51.533883,1.064e+7,
51.539600,1.068e+7,
51.545583,1.066e+7,
51.551567,1.086e+7,
51.557550,1.066e+7,
51.563267,1.057e+7,
51.569250,1.040e+7,
51.575233,1.055e+7,
51.580950,1.059e+7,
51.586933,1.075e+7,
51.592900,1.077e+7,
51.598633,1.084e+7,
51.604600,1.100e+7,
51.610583,1.099e+7,
51.616567,1.092e+7,
51.622283,1.079e+7,
51.628267,1.083e+7,
51.634250,1.068e+7,
51.639967,1.063e+7,
51.645950,1.068e+7,
51.651933,1.072e+7,
51.657900,1.073e+7,
51.663633,1.068e+7,
51.669600,1.086e+7,
51.675583,1.086e+7,
51.681300,1.074e+7,
51.687283,1.063e+7,
51.693267,1.073e+7,
51.698983,1.095e+7,
51.704967,1.112e+7,
51.710950,1.110e+7,
51.716933,1.097e+7,
51.722650,1.088e+7,
51.728633,1.084e+7,
51.734600,1.084e+7,
51.740333,1.075e+7,
51.746300,1.073e+7,
51.752283,1.085e+7,
51.758267,1.106e+7,
51.763983,1.101e+7,
51.769967,1.084e+7,
51.775950,1.076e+7,
51.781667,1.078e+7,
51.787650,1.091e+7,
51.793633,1.087e+7,
51.799350,1.085e+7,
51.805333,1.097e+7,
51.811300,1.098e+7,
51.817283,1.113e+7,
51.823000,1.097e+7,
51.828983,1.097e+7,
51.834967,1.086e+7,
51.840683,1.080e+7,
51.846667,1.081e+7,
51.852650,1.080e+7,
51.858633,1.065e+7,
51.864350,1.054e+7,
51.870333,1.040e+7,
51.876300,1.070e+7,
51.882033,1.093e+7,
51.888017,1.096e+7,
51.893983,1.083e+7,
51.899967,1.066e+7,
51.905683,1.086e+7,
51.911667,1.087e+7,
51.917650,1.099e+7,
51.923367,1.103e+7,
51.929350,1.107e+7,
51.935333,1.114e+7,
51.941050,1.102e+7,
51.947033,1.098e+7,
51.953017,1.110e+7,
51.958983,1.104e+7,
51.964717,1.112e+7,
51.970683,1.103e+7,
51.976667,1.107e+7,
51.982383,1.110e+7,
51.988367,1.104e+7,
51.994350,1.105e+7,
52.000333,1.104e+7,
52.006050,1.096e+7,
52.012033,1.111e+7,
52.018017,1.117e+7,
52.023733,1.117e+7,
52.029717,1.110e+7,
52.035683,1.110e+7,
52.041667,1.117e+7,
52.047383,1.119e+7,
52.053367,1.094e+7,
52.059350,1.110e+7,
52.065067,1.088e+7,
52.071050,1.106e+7,
52.077033,1.098e+7,
52.083017,1.125e+7,
52.088733,1.141e+7,
52.094717,1.126e+7,
52.100683,1.119e+7,
52.106417,1.128e+7,
52.112383,1.129e+7,
52.118367,1.162e+7,
52.124350,1.132e+7,
52.130067,1.147e+7,
52.136050,1.120e+7,
52.142033,1.133e+7,
52.147750,1.122e+7,
52.153733,1.111e+7,
52.159717,1.142e+7,
52.165433,1.128e+7,
52.171417,1.140e+7,
52.177383,1.117e+7,
52.183367,1.120e+7,
52.189083,1.133e+7,
52.195067,1.113e+7,
52.201050,1.136e+7,
52.206767,1.124e+7,
52.212750,1.144e+7,
52.218733,1.140e+7,
52.224717,1.136e+7,
52.230433,1.119e+7,
52.236417,1.116e+7,
52.242383,1.102e+7,
52.248117,1.120e+7,
52.254083,1.111e+7,
52.260067,1.125e+7,
52.266050,1.114e+7,
52.271767,1.118e+7,
52.277750,1.130e+7,
52.283733,1.124e+7,
52.289450,1.139e+7,
52.295433,1.135e+7,
52.301417,1.144e+7,
52.307383,1.131e+7,
52.313117,1.135e+7,
52.319083,1.123e+7,
52.325067,1.121e+7,
52.330783,1.099e+7,
52.336767,1.125e+7,
52.342750,1.134e+7,
52.348467,1.167e+7,
52.354450,1.155e+7,
52.360433,1.154e+7,
52.366417,1.160e+7,
52.372133,1.162e+7,
52.378117,1.172e+7,
52.384083,1.155e+7,
52.389817,1.145e+7,
52.395783,1.135e+7,
52.401767,1.118e+7,
52.407750,1.136e+7,
52.413467,1.159e+7,
52.419450,1.167e+7,
52.425433,1.157e+7,
52.431150,1.133e+7,
52.437133,1.157e+7,
52.443117,1.171e+7,
52.448833,1.169e+7,
52.454817,1.164e+7,
52.460800,1.153e+7,
52.466767,1.163e+7,
52.472500,1.152e+7,
52.478467,1.158e+7,
52.484450,1.164e+7,
52.490167,1.177e+7,
52.496150,1.170e+7,
52.502133,1.160e+7,
52.508117,1.169e+7,
52.513833,1.176e+7,
52.519817,1.179e+7,
52.525800,1.155e+7,
52.531517,1.130e+7,
52.537500,1.130e+7,
52.543467,1.128e+7,
52.549450,1.147e+7,
52.555167,1.157e+7,
52.561150,1.163e+7,
52.567133,1.177e+7,
52.572850,1.183e+7,
52.578833,1.179e+7,
52.584817,1.151e+7,
52.590800,1.136e+7,
52.596517,1.132e+7,
52.602500,1.153e+7,
52.608467,1.165e+7,
52.614200,1.162e+7,
52.620167,1.167e+7,
52.626150,1.177e+7,
52.631867,1.212e+7,
52.637850,1.211e+7,
52.643833,1.181e+7,
52.649817,1.172e+7,
52.655533,1.173e+7,
52.661517,1.187e+7,
52.667500,1.182e+7,
52.673217,1.196e+7,
52.679200,1.194e+7,
52.685167,1.199e+7,
52.691150,1.198e+7,
52.696867,1.188e+7,
52.702850,1.148e+7,
52.708833,1.133e+7,
52.714550,1.143e+7,
52.720533,1.187e+7,
52.726517,1.180e+7,
52.732233,1.194e+7,
52.738217,1.187e+7,
52.744200,1.196e+7,
52.750167,1.184e+7,
52.755900,1.170e+7,
52.761867,1.169e+7,
52.767850,1.179e+7,
52.773567,1.202e+7,
52.779550,1.208e+7,
52.785533,1.207e+7,
52.791517,1.201e+7,
52.797233,1.204e+7,
52.803217,1.211e+7,
52.809200,1.201e+7,
52.814917,1.194e+7,
52.820900,1.175e+7,
52.826867,1.169e+7,
52.832850,1.176e+7,
52.838567,1.192e+7,
52.844550,1.216e+7,
52.850533,1.196e+7,
52.856250,1.200e+7,
52.862233,1.185e+7,
52.868217,1.209e+7,
52.874200,1.218e+7,
52.879917,1.219e+7,
52.885900,1.223e+7,
52.891867,1.209e+7,
52.897600,1.232e+7,
52.903567,1.238e+7,
52.909550,1.223e+7,
52.915533,1.212e+7,
52.921250,1.205e+7,
52.927233,1.228e+7,
52.933217,1.222e+7,
52.938933,1.220e+7,
52.944917,1.233e+7,
52.950900,1.223e+7,
52.956617,1.221e+7,
52.962600,1.214e+7,
52.968583,1.227e+7,
52.974550,1.242e+7,
52.980283,1.224e+7,
52.986250,1.210e+7,
52.992233,1.191e+7,
52.997950,1.191e+7,
53.003933,1.212e+7,
53.009917,1.202e+7,
53.015900,1.206e+7,
53.021617,1.192e+7,
53.027600,1.209e+7,
53.033583,1.214e+7,
53.039300,1.220e+7,
53.045283,1.218e+7,
53.051250,1.218e+7,
53.057233,1.233e+7,
53.062950,1.212e+7,
53.068933,1.219e+7,
53.074917,1.230e+7,
53.080633,1.304e+7,
53.086617,1.327e+7,
53.092600,1.350e+7,
53.098317,1.355e+7,
53.104300,1.394e+7,
53.110283,1.403e+7,
53.116250,1.411e+7,
53.121983,1.402e+7,
53.127950,1.413e+7,
53.133933,1.393e+7,
53.139650,1.377e+7,
53.145633,1.327e+7,
53.151617,1.302e+7,
53.157600,1.279e+7,
53.163317,1.256e+7,
53.169300,1.262e+7,
53.175283,1.251e+7,
53.181000,1.264e+7,
53.186983,1.260e+7,
53.192950,1.263e+7,
53.198933,1.282e+7,
53.204650,1.296e+7,
53.210633,1.314e+7,
53.216617,1.300e+7,
53.222333,1.292e+7,
53.228317,1.283e+7,
53.234300,1.312e+7,
53.240283,1.323e+7,
53.246000,1.330e+7,
53.251983,1.322e+7,
53.257950,1.298e+7,
53.263683,1.288e+7,
53.269650,1.283e+7,
53.275633,1.288e+7,
53.281617,1.303e+7,
53.287333,1.292e+7,
53.293317,1.292e+7,
53.299300,1.284e+7,
53.305017,1.268e+7,
53.311000,1.284e+7,
53.316983,1.283e+7,
53.322700,1.294e+7,
53.328683,1.275e+7,
53.334650,1.285e+7,
53.340633,1.303e+7,
53.346350,1.325e+7,
53.352333,1.324e+7,
53.358317,1.322e+7,
53.364033,1.316e+7,
53.370017,1.317e+7,
53.376000,1.333e+7,
53.381983,1.338e+7,
53.387700,1.331e+7,
53.393683,1.323e+7,
53.399650,1.326e+7,
53.405383,1.337e+7,
53.411350,1.321e+7,
53.417333,1.326e+7,
53.423317,1.298e+7,
53.429033,1.298e+7,
53.435017,1.272e+7,
53.441000,1.285e+7,
53.446717,1.303e+7,
53.452700,1.341e+7,
53.458683,1.356e+7,
53.464667,1.343e+7,
53.470383,1.327e+7,
53.476367,1.329e+7,
53.482333,1.355e+7,
53.488067,1.357e+7,
53.494033,1.363e+7,
53.500017,1.353e+7,
53.505733,1.344e+7,
53.511717,1.343e+7,
53.517700,1.347e+7,
53.523683,1.352e+7,
53.529400,1.355e+7,
53.535383,1.380e+7,
53.541367,1.413e+7,
53.547083,1.430e+7,
53.553067,1.448e+7,
53.559033,1.461e+7,
53.564767,1.469e+7,
53.570733,1.492e+7,
53.576717,1.475e+7,
53.582700,1.492e+7,
53.588417,1.483e+7,
53.594400,1.505e+7,
53.600383,1.519e+7,
53.606100,1.527e+7,
53.612083,1.506e+7,
53.618067,1.486e+7,
53.624033,1.453e+7,
53.629767,1.464e+7,
53.635733,1.449e+7,
53.641717,1.466e+7,
53.647700,1.457e+7,
53.653417,1.435e+7,
53.659400,1.382e+7,
53.665383,1.383e+7,
53.671100,1.370e+7,
53.677083,1.381e+7,
53.683067,1.352e+7,
53.688783,1.370e+7,
53.694767,1.356e+7,
53.700733,1.337e+7,
53.706717,1.327e+7,
53.712433,1.330e+7,
53.718417,1.350e+7,
53.724400,1.344e+7,
53.730117,1.338e+7,
53.736100,1.334e+7,
53.742083,1.330e+7,
53.748067,1.333e+7,
53.753783,1.328e+7,
53.759767,1.341e+7,
53.765733,1.342e+7,
53.771467,1.348e+7,
53.777433,1.333e+7,
53.783417,1.330e+7,
53.789400,1.318e+7,
53.795117,1.323e+7,
53.801100,1.333e+7,
53.807083,1.353e+7,
53.812800,1.370e+7,
53.818783,1.393e+7,
53.824767,1.385e+7,
53.830733,1.353e+7,
53.836467,1.316e+7,
53.842433,1.309e+7,
53.848417,1.326e+7,
53.854133,1.326e+7,
53.860117,1.331e+7,
53.866100,1.353e+7,
53.871817,1.375e+7,
53.877800,1.380e+7,
53.883783,1.351e+7,
53.889767,1.331e+7,
53.895483,1.334e+7,
53.901467,1.350e+7,
53.907433,1.363e+7,
53.913167,1.367e+7,
53.919133,1.366e+7,
53.925117,1.370e+7,
53.931100,1.368e+7,
53.936817,1.359e+7,
53.942800,1.339e+7,
53.948783,1.319e+7,
53.954500,1.327e+7,
53.960483,1.325e+7,
53.966467,1.339e+7,
53.972450,1.338e+7,
53.978167,1.355e+7,
53.984150,1.358e+7,
53.990117,1.352e+7,
53.995850,1.353e+7,
54.001817,1.346e+7,
54.007800,1.360e+7,
54.013783,1.343e+7,
54.019500,1.359e+7,
54.025483,1.375e+7,
54.031467,1.401e+7,
54.037183,1.389e+7,
54.043167,1.356e+7,
54.049150,1.363e+7,
54.055117,1.373e+7,
54.060850,1.396e+7,
54.066817,1.381e+7,
54.072800,1.377e+7,
54.078517,1.382e+7,
54.084500,1.396e+7,
54.090483,1.397e+7,
54.096467,1.380e+7,
54.102183,1.362e+7,
54.108167,1.370e+7,
54.114150,1.386e+7,
54.119867,1.414e+7,
54.125850,1.420e+7,
54.131817,1.422e+7,
54.137550,1.409e+7,
54.143517,1.381e+7,
54.149500,1.362e+7,
54.155483,1.364e+7,
54.161200,1.406e+7,
54.167183,1.415e+7,
54.173167,1.408e+7,
54.178883,1.382e+7,
54.184867,1.404e+7,
54.190850,1.419e+7,
54.196817,1.428e+7,
54.202550,1.413e+7,
54.208517,1.403e+7,
54.214500,1.412e+7,
54.220217,1.388e+7,
54.226200,1.402e+7,
54.232183,1.400e+7,
54.238167,1.419e+7,
54.243883,1.408e+7,
54.249867,1.426e+7,
54.255850,1.436e+7,
54.261567,1.437e+7,
54.267550,1.403e+7,
54.273517,1.398e+7,
54.279500,1.414e+7,
54.285217,1.449e+7,
54.291200,1.468e+7,
54.297183,1.436e+7,
54.302900,1.401e+7,
54.308883,1.372e+7,
54.314867,1.376e+7,
54.320850,1.388e+7,
54.326567,1.399e+7,
54.332550,1.418e+7,
54.338517,1.434e+7,
54.344250,1.434e+7,
54.350217,1.439e+7,
54.356200,1.428e+7,
54.362183,1.430e+7,
54.367900,1.420e+7,
54.373883,1.397e+7,
54.379867,1.398e+7,
54.385583,1.392e+7,
54.391567,1.405e+7,
54.397550,1.413e+7,
54.403517,1.425e+7,
54.409250,1.465e+7,
54.415217,1.453e+7,
54.421200,1.438e+7,
54.426917,1.408e+7,
54.432900,1.395e+7,
54.438883,1.404e+7,
54.444867,1.414e+7,
54.450583,1.430e+7,
54.456567,1.447e+7,
54.462550,1.441e+7,
54.468267,1.437e+7,
54.474250,1.439e+7,
54.480233,1.454e+7,
54.486200,1.472e+7,
54.491933,1.444e+7,
54.497900,1.461e+7,
54.503883,1.472e+7,
54.509600,1.508e+7,
54.515583,1.482e+7,
54.521567,1.492e+7,
54.527550,1.488e+7,
54.533267,1.519e+7,
54.539250,1.516e+7,
54.545233,1.527e+7,
54.550950,1.520e+7,
54.556933,1.530e+7,
54.562900,1.567e+7,
54.568883,1.591e+7,
54.574600,1.590e+7,
54.580583,1.585e+7,
54.586567,1.591e+7,
54.592283,1.617e+7,
54.598267,1.625e+7,
54.604250,1.612e+7,
54.610233,1.583e+7,
54.615950,1.543e+7,
54.621933,1.558e+7,
54.627900,1.559e+7,
54.633633,1.556e+7,
54.639600,1.510e+7,
54.645583,1.497e+7,
54.651300,1.492e+7,
54.657283,1.522e+7,
54.663267,1.527e+7,
54.669250,1.526e+7,
54.674967,1.512e+7,
54.680950,1.480e+7,
54.686933,1.478e+7,
54.692650,1.465e+7,
54.698633,1.510e+7,
54.704600,1.537e+7,
54.710583,1.574e+7,
54.716300,1.601e+7,
54.722283,1.637e+7,
54.728267,1.686e+7,
54.733983,1.757e+7,
54.739967,1.806e+7,
54.745950,1.848e+7,
54.751933,1.864e+7,
54.757650,1.877e+7,
54.763633,1.875e+7,
54.769600,1.838e+7,
54.775333,1.781e+7,
54.781300,1.710e+7,
54.787283,1.655e+7,
54.793267,1.615e+7,
54.798983,1.595e+7,
54.804967,1.564e+7,
54.810950,1.552e+7,
54.816667,1.541e+7,
54.822650,1.529e+7,
54.828633,1.535e+7,
54.834600,1.530e+7,
54.840333,1.552e+7,
54.846300,1.536e+7,
54.852283,1.529e+7,
54.858000,1.502e+7,
54.863983,1.495e+7,
54.869967,1.500e+7,
54.875950,1.505e+7,
54.881667,1.508e+7,
54.887650,1.511e+7,
54.893633,1.524e+7,
54.899350,1.541e+7,
54.905333,1.533e+7,
54.911300,1.522e+7,
54.917283,1.498e+7,
54.923000,1.486e+7,
54.928983,1.498e+7,
54.934967,1.513e+7,
54.940683,1.528e+7,
54.946667,1.540e+7,
54.952650,1.540e+7,
54.958633,1.559e+7,
54.964350,1.554e+7,
54.970333,1.577e+7,
54.976300,1.573e+7,
54.982033,1.558e+7,
54.988000,1.538e+7,
54.993983,1.538e+7,
54.999700,1.526e+7,
55.005683,1.514e+7,
55.011667,1.503e+7,
55.017650,1.533e+7,
55.023367,1.547e+7,
55.029350,1.570e+7,
55.035333,1.566e+7,
55.041050,1.578e+7,
55.047033,1.562e+7,
55.053017,1.558e+7,
55.058983,1.541e+7,
55.064717,1.527e+7,
55.070683,1.531e+7,
55.076667,1.533e+7,
55.082383,1.538e+7,
55.088367,1.535e+7,
55.094350,1.546e+7,
55.100067,1.544e+7,
55.106050,1.549e+7,
55.112033,1.526e+7,
55.118017,1.525e+7,
55.123733,1.520e+7,
55.129717,1.542e+7,
55.135683,1.566e+7,
55.141417,1.580e+7,
55.147383,1.595e+7,
55.153367,1.598e+7,
55.159350,1.592e+7,
55.165067,1.570e+7,
55.171050,1.566e+7,
55.177033,1.572e+7,
55.182750,1.596e+7,
55.188733,1.582e+7,
55.194717,1.597e+7,
55.200683,1.583e+7,
55.206417,1.606e+7,
55.212383,1.590e+7,
55.218367,1.601e+7,
55.224083,1.607e+7,
55.230067,1.618e+7,
55.236050,1.631e+7,
55.242033,1.636e+7,
55.247750,1.651e+7,
55.253733,1.655e+7,
55.259717,1.671e+7,
55.265433,1.666e+7,
55.271417,1.654e+7,
55.277383,1.639e+7,
55.283117,1.643e+7,
55.289083,1.655e+7,
55.295067,1.657e+7,
55.301050,1.659e+7,
55.306767,1.673e+7,
55.312750,1.672e+7,
55.318733,1.689e+7,
55.324450,1.659e+7,
55.330433,1.644e+7,
55.336417,1.625e+7,
55.342383,1.642e+7,
55.348117,1.642e+7,
55.354083,1.609e+7,
55.360067,1.581e+7,
55.365783,1.593e+7,
55.371767,1.621e+7,
55.377750,1.614e+7,
55.383733,1.610e+7,
55.389450,1.595e+7,
55.395433,1.593e+7,
55.401417,1.576e+7,
55.407133,1.571e+7,
55.413117,1.568e+7,
55.419083,1.572e+7,
55.425067,1.561e+7,
55.430783,1.566e+7,
55.436767,1.555e+7,
55.442750,1.566e+7,
55.448467,1.559e+7,
55.454450,1.559e+7,
55.460433,1.560e+7,
55.466150,1.583e+7,
55.472133,1.593e+7,
55.478117,1.584e+7,
55.484083,1.585e+7,
55.490067,1.591e+7,
55.496050,1.596e+7,
55.501767,1.603e+7,
55.507750,1.628e+7,
55.513733,1.648e+7,
55.519717,1.660e+7,
55.525433,1.634e+7,
55.531417,1.640e+7,
55.537400,1.601e+7,
55.543117,1.609e+7,
55.549100,1.623e+7,
55.555067,1.657e+7,
55.560800,1.677e+7,
55.566767,1.636e+7,
55.572750,1.649e+7,
55.578733,1.627e+7,
55.584450,1.644e+7,
55.590433,1.596e+7,
55.596417,1.601e+7,
55.602133,1.615e+7,
55.608117,1.643e+7,
55.614100,1.630e+7,
55.619817,1.620e+7,
55.625800,1.630e+7,
55.631767,1.641e+7,
55.637750,1.655e+7,
55.643467,1.634e+7,
55.649450,1.625e+7,
55.655433,1.588e+7,
55.661150,1.599e+7,
55.667133,1.586e+7,
55.673117,1.596e+7,
55.678833,1.596e+7,
55.684817,1.605e+7,
55.690800,1.611e+7,
55.696767,1.594e+7,
55.702500,1.592e+7,
55.708467,1.607e+7,
55.714450,1.625e+7,
55.720167,1.630e+7,
55.726150,1.623e+7,
55.732133,1.607e+7,
55.738117,1.613e+7,
55.743833,1.604e+7,
55.749817,1.605e+7,
55.755800,1.600e+7,
55.761517,1.602e+7,
55.767500,1.623e+7,
55.773467,1.648e+7,
55.779200,1.642e+7,
55.785167,1.641e+7,
55.791150,1.632e+7,
55.797133,1.639e+7,
55.802850,1.668e+7,
55.808833,1.653e+7,
55.814817,1.665e+7,
55.820533,1.628e+7,
55.826517,1.633e+7,
55.832500,1.639e+7,
55.838467,1.637e+7,
55.844200,1.638e+7,
55.850167,1.631e+7,
55.856150,1.644e+7,
55.861867,1.659e+7,
55.867850,1.631e+7,
55.873833,1.619e+7,
55.879817,1.595e+7,
55.885533,1.608e+7,
55.891517,1.635e+7,
55.897500,1.650e+7,
55.903217,1.659e+7,
55.909200,1.646e+7,
55.915167,1.642e+7,
55.921150,1.653e+7,
55.926867,1.648e+7,
55.932850,1.641e+7,
55.938833,1.642e+7,
55.944550,1.648e+7,
55.950533,1.651e+7,
55.956517,1.646e+7,
55.962500,1.630e+7,
55.968217,1.634e+7,
55.974200,1.621e+7,
55.980167,1.634e+7,
55.985900,1.649e+7,
55.991867,1.663e+7,
55.997850,1.648e+7,
56.003833,1.628e+7,
56.009550,1.620e+7,
56.015533,1.655e+7,
56.021517,1.651e+7,
56.027233,1.642e+7,
56.033217,1.615e+7,
56.039200,1.642e+7,
56.045183,1.646e+7,
56.050900,1.666e+7,
56.056883,1.627e+7,
56.062850,1.643e+7,
56.068583,1.611e+7,
56.074550,1.634e+7,
56.080533,1.641e+7,
56.086250,1.654e+7,
56.092233,1.657e+7,
56.098217,1.653e+7,
56.104200,1.658e+7,
56.109917,1.648e+7,
56.115900,1.652e+7,
56.121883,1.650e+7,
56.127600,1.647e+7,
56.133583,1.632e+7,
56.139550,1.643e+7,
56.145533,1.658e+7,
56.151250,1.664e+7,
56.157233,1.657e+7,
56.163217,1.648e+7,
56.168933,1.644e+7,
56.174917,1.629e+7,
56.180900,1.628e+7,
56.186883,1.623e+7,
56.192600,1.608e+7,
56.198583,1.627e+7,
56.204550,1.626e+7,
56.210283,1.646e+7,
56.216250,1.632e+7,
56.222233,1.637e+7,
56.227950,1.640e+7,
56.233933,1.630e+7,
56.239917,1.616e+7,
56.245900,1.616e+7,
56.251617,1.633e+7,
56.257600,1.646e+7,
56.263583,1.662e+7,
56.269300,1.661e+7,
56.275283,1.652e+7,
56.281250,1.635e+7,
56.287233,1.637e+7,
56.292950,1.652e+7,
56.298933,1.642e+7,
56.304917,1.643e+7,
56.310633,1.624e+7,
56.316617,1.641e+7,
56.322600,1.632e+7,
56.328317,1.634e+7,
56.334300,1.616e+7,
56.340283,1.603e+7,
56.346250,1.620e+7,
56.351983,1.622e+7,
56.357950,1.614e+7,
56.363933,1.601e+7,
56.369917,1.595e+7,
56.375633,1.608e+7,
56.381617,1.576e+7,
56.387600,1.572e+7,
56.393317,1.578e+7,
56.399300,1.582e+7,
56.405283,1.598e+7,
56.411250,1.584e+7,
56.416983,1.616e+7,
56.422950,1.631e+7,
56.428933,1.652e+7,
56.434650,1.694e+7,
56.440633,1.741e+7,
56.446617,1.816e+7,
56.452333,1.847e+7,
56.458317,1.919e+7,
56.464300,1.945e+7,
56.470283,1.987e+7,
56.476000,1.989e+7,
56.481983,1.987e+7,
56.487950,1.973e+7,
56.493683,1.959e+7,
56.499650,1.921e+7,
56.505633,1.854e+7,
56.511617,1.776e+7,
56.517333,1.742e+7,
56.523317,1.714e+7,
56.529300,1.682e+7,
56.535017,1.649e+7,
56.541000,1.640e+7,
56.546983,1.634e+7,
56.552950,1.619e+7,
56.558683,1.622e+7,
56.564667,1.633e+7,
56.570633,1.647e+7,
56.576367,1.657e+7,
56.582333,1.644e+7,
56.588317,1.628e+7,
56.594300,1.626e+7,
56.600017,1.640e+7,
56.606000,1.655e+7,
56.611983,1.629e+7,
56.617700,1.610e+7,
56.623683,1.605e+7,
56.629667,1.614e+7,
56.635383,1.629e+7,
56.641367,1.627e+7,
56.647333,1.619e+7,
56.653317,1.598e+7,
56.659033,1.572e+7,
56.665017,1.576e+7,
56.671000,1.583e+7,
56.676717,1.612e+7,
56.682700,1.639e+7,
56.688683,1.642e+7,
56.694667,1.648e+7,
56.700383,1.632e+7,
56.706367,1.632e+7,
56.712333,1.646e+7,
56.718067,1.625e+7,
56.724033,1.627e+7,
56.730017,1.630e+7,
56.735733,1.675e+7,
56.741717,1.673e+7,
56.747700,1.665e+7,
56.753683,1.647e+7,
56.759400,1.667e+7,
56.765383,1.678e+7,
56.771367,1.713e+7,
56.777333,1.731e+7,
56.783067,1.765e+7,
56.789033,1.776e+7,
56.795017,1.827e+7,
56.800733,1.835e+7,
56.806717,1.869e+7,
56.812700,1.899e+7,
56.818683,1.931e+7,
56.824400,1.974e+7,
56.830383,1.993e+7,
56.836367,2.010e+7,
56.842083,2.001e+7,
56.848067,1.983e+7,
56.854033,1.983e+7,
56.860017,1.994e+7,
56.865733,2.018e+7,
56.871717,2.044e+7,
56.877700,2.045e+7,
56.883417,2.037e+7,
56.889400,2.033e+7,
56.895383,2.016e+7,
56.901100,1.999e+7,
56.907083,1.960e+7,
56.913067,1.922e+7,
56.919033,1.896e+7,
56.924767,1.874e+7,
56.930733,1.890e+7,
56.936717,1.895e+7,
56.942433,1.864e+7,
56.948417,1.823e+7,
56.954400,1.803e+7,
56.960383,1.823e+7,
56.966100,1.804e+7,
56.972083,1.755e+7,
56.978067,1.736e+7,
56.983783,1.717e+7,
56.989767,1.730e+7,
56.995733,1.706e+7,
57.001717,1.719e+7,
57.007433,1.702e+7,
57.013417,1.692e+7,
57.019400,1.666e+7,
57.025117,1.638e+7,
57.031100,1.639e+7,
57.037083,1.658e+7,
57.043067,1.666e+7,
57.048783,1.656e+7,
57.054767,1.638e+7,
57.060733,1.629e+7,
57.066467,1.635e+7,
57.072433,1.638e+7,
57.078683,1.628e+7,
57.084667,1.649e+7,
57.090383,1.630e+7,
57.096367,1.661e+7,
57.102350,1.641e+7,
57.108067,1.632e+7,
57.114050,1.632e+7,
57.120017,1.635e+7,
57.126000,1.654e+7,
57.131717,1.664e+7,
57.137700,1.661e+7,
57.143683,1.654e+7,
57.149400,1.643e+7,
57.155383,1.650e+7,
57.161367,1.641e+7,
57.167350,1.635e+7,
57.173067,1.612e+7,
57.179050,1.625e+7,
57.185017,1.619e+7,
57.190750,1.629e+7,
57.196717,1.637e+7,
57.202700,1.649e+7,
57.208417,1.663e+7,
57.214400,1.652e+7,
57.220383,1.640e+7,
57.226367,1.617e+7,
57.232083,1.614e+7,
57.238067,1.623e+7,
57.244050,1.615e+7,
57.249767,1.633e+7,
57.255750,1.639e+7,
57.261717,1.623e+7,
57.267700,1.611e+7,
57.273417,1.599e+7,
57.279400,1.625e+7,
57.285383,1.637e+7,
57.291100,1.637e+7,
57.297083,1.631e+7,
57.303067,1.626e+7,
57.309050,1.607e+7,
57.314767,1.623e+7,
57.320750,1.622e+7,
57.326717,1.661e+7,
57.332450,1.638e+7,
57.338417,1.630e+7,
57.344400,1.596e+7,
57.350383,1.636e+7,
57.356100,1.660e+7,
57.362083,1.659e+7,
57.368067,1.646e+7,
57.373783,1.621e+7,
57.379767,1.633e+7,
57.385750,1.622e+7,
57.391467,1.617e+7,
57.397450,1.628e+7,
57.403417,1.616e+7,
57.409400,1.628e+7,
57.415117,1.613e+7,
57.421100,1.636e+7,
57.427083,1.662e+7,
57.433067,1.671e+7,
57.438783,1.669e+7,
57.444767,1.650e+7,
57.450750,1.660e+7,
57.456467,1.671e+7,
57.462450,1.672e+7,
57.468417,1.654e+7,
57.474400,1.629e+7,
57.480117,1.623e+7,
57.486100,1.629e+7,
57.492083,1.639e+7,
57.497800,1.638e+7,
57.503783,1.639e+7,
57.509767,1.634e+7,
57.515483,1.635e+7,
57.521467,1.645e+7,
57.527450,1.651e+7,
57.533417,1.662e+7,
57.539150,1.644e+7,
57.545117,1.632e+7,
57.551100,1.638e+7,
57.556817,1.642e+7,
57.562800,1.657e+7,
57.568783,1.647e+7,
57.574767,1.659e+7,
57.580483,1.661e+7,
57.586467,1.657e+7,
57.592450,1.655e+7,
57.598167,1.653e+7,
57.604150,1.648e+7,
57.610133,1.633e+7,
57.616100,1.624e+7,
57.621833,1.636e+7,
57.627800,1.631e+7,
57.633783,1.632e+7,
57.639500,1.618e+7,
57.645483,1.627e+7,
57.651467,1.633e+7,
57.657450,1.631e+7,
57.663167,1.651e+7,
57.669150,1.648e+7,
57.675133,1.662e+7,
57.680850,1.678e+7,
57.686833,1.685e+7,
57.692800,1.681e+7,
57.698783,1.649e+7,
57.704500,1.664e+7,
57.710483,1.683e+7,
57.716467,1.693e+7,
57.722183,1.685e+7,
57.728167,1.640e+7,
57.734150,1.639e+7,
57.739867,1.627e+7,
57.745850,1.642e+7,
57.751833,1.650e+7,
57.757800,1.640e+7,
57.763533,1.654e+7,
57.769500,1.649e+7,
57.775483,1.660e+7,
57.781200,1.633e+7,
57.787183,1.626e+7,
57.793167,1.613e+7,
57.799150,1.630e+7,
57.804867,1.607e+7,
57.810850,1.604e+7,
57.816833,1.592e+7,
57.822550,1.600e+7,
57.828533,1.598e+7,
57.834500,1.598e+7,
57.840483,1.604e+7,
57.846200,1.609e+7,
57.852183,1.612e+7,
57.858167,1.605e+7,
57.863883,1.609e+7,
57.869867,1.615e+7,
57.875850,1.622e+7,
57.881833,1.618e+7,
57.887550,1.614e+7,
57.893533,1.585e+7,
57.899500,1.586e+7,
57.905233,1.570e+7,
57.911200,1.584e+7,
57.917183,1.594e+7,
57.922900,1.617e+7,
57.928883,1.618e+7,
57.934867,1.596e+7,
57.940850,1.567e+7,
57.946567,1.563e+7,
57.952550,1.579e+7,
57.958533,1.595e+7,
57.964250,1.602e+7,
57.970233,1.595e+7,
57.976200,1.596e+7,
57.982183,1.605e+7,
57.987900,1.595e+7,
57.993883,1.591e+7,
57.999867,1.581e+7,
58.005583,1.600e+7,
58.011567,1.602e+7,
58.017550,1.612e+7,
58.023533,1.598e+7,
58.029250,1.585e+7,
58.035233,1.564e+7,
58.041200,1.571e+7,
58.046933,1.585e+7,
58.052900,1.600e+7,
58.058883,1.605e+7,
58.064867,1.590e+7,
58.070583,1.603e+7,
58.076567,1.577e+7,
58.082550,1.582e+7,
58.088267,1.554e+7,
58.094250,1.576e+7,
58.100233,1.585e+7,
58.106200,1.584e+7,
58.111933,1.587e+7,
58.117900,1.605e+7,
58.123883,1.635e+7,
58.129617,1.631e+7,
58.135583,1.609e+7,
58.141567,1.593e+7,
58.147550,1.589e+7,
58.153267,1.580e+7,
58.159250,1.570e+7,
58.165233,1.564e+7,
58.170950,1.575e+7,
58.176933,1.592e+7,
58.182917,1.605e+7,
58.188633,1.614e+7,
58.194617,1.616e+7,
58.200583,1.621e+7,
58.206567,1.614e+7,
58.212283,1.594e+7,
58.218267,1.587e+7,
58.224250,1.602e+7,
58.230233,1.625e+7,
58.235950,1.629e+7,
58.241933,1.614e+7,
58.247917,1.614e+7,
58.253633,1.613e+7,
58.259617,1.614e+7,
58.265583,1.609e+7,
58.271317,1.599e+7,
58.277283,1.579e+7,
58.283267,1.571e+7,
58.289250,1.596e+7,
58.294967,1.619e+7,
58.300950,1.627e+7,
58.306933,1.609e+7,
58.312650,1.616e+7,
58.318633,1.625e+7,
58.324617,1.623e+7,
58.330583,1.618e+7,
58.336317,1.619e+7,
58.342283,1.603e+7,
58.348267,1.592e+7,
58.353983,1.581e+7,
58.359967,1.594e+7,
58.365950,1.601e+7,
58.371933,1.601e+7,
58.377650,1.629e+7,
58.383633,1.643e+7,
58.389617,1.674e+7,
58.395333,1.661e+7,
58.401317,1.679e+7,
58.407283,1.680e+7,
58.413267,1.693e+7,
58.418983,1.676e+7,
58.424967,1.653e+7,
58.430950,1.649e+7,
58.436667,1.663e+7,
58.442650,1.643e+7,
58.448633,1.644e+7,
58.454617,1.621e+7,
58.460333,1.649e+7,
58.466317,1.634e+7,
58.472283,1.607e+7,
58.478017,1.601e+7,
58.483983,1.616e+7,
58.489967,1.661e+7,
58.495683,1.701e+7,
58.501667,1.743e+7,
58.507650,1.776e+7,
58.513633,1.786e+7,
58.519350,1.799e+7,
58.525333,1.859e+7,
58.531317,1.907e+7,
58.537033,1.946e+7,
58.543017,1.946e+7,
58.548983,1.928e+7,
58.554967,1.922e+7,
58.560683,1.898e+7,
58.566667,1.881e+7,
58.572650,1.854e+7,
58.578367,1.834e+7,
58.584350,1.801e+7,
58.590333,1.762e+7,
58.596317,1.709e+7,
58.602033,1.684e+7,
58.608017,1.638e+7,
58.613983,1.629e+7,
58.619717,1.618e+7,
58.625683,1.632e+7,
58.631667,1.630e+7,
58.637650,1.631e+7,
58.643367,1.629e+7,
58.649350,1.633e+7,
58.655333,1.624e+7,
58.661050,1.626e+7,
58.667033,1.613e+7,
58.673017,1.597e+7,
58.679000,1.575e+7,
58.684717,1.566e+7,
58.690700,1.582e+7,
58.696667,1.590e+7,
58.702400,1.588e+7,
58.708367,1.596e+7,
58.714350,1.611e+7,
58.720067,1.628e+7,
58.726050,1.623e+7,
58.732033,1.612e+7,
58.738017,1.613e+7,
58.743733,1.609e+7,
58.749717,1.604e+7,
58.755700,1.597e+7,
58.761667,1.592e+7,
58.767400,1.616e+7,
58.773367,1.623e+7,
58.779350,1.626e+7,
58.785067,1.601e+7,
58.791050,1.581e+7,
58.797033,1.591e+7,
58.803017,1.603e+7,
58.808733,1.622e+7,
58.814717,1.618e+7,
58.820700,1.617e+7,
58.826417,1.627e+7,
58.832400,1.628e+7,
58.838367,1.614e+7,
58.844100,1.597e+7,
58.850067,1.590e+7,
58.856050,1.581e+7,
58.862033,1.585e+7,
58.867750,1.567e+7,
58.873733,1.604e+7,
58.879717,1.596e+7,
58.885433,1.629e+7,
58.891417,1.593e+7,
58.897400,1.593e+7,
58.903367,1.596e+7,
58.909100,1.600e+7,
58.915067,1.595e+7,
58.921050,1.563e+7,
58.926767,1.579e+7,
58.932750,1.599e+7,
58.938733,1.612e+7,
58.944717,1.594e+7,
58.950433,1.589e+7,
58.956417,1.609e+7,
58.962400,1.619e+7,
58.968117,1.620e+7,
58.974100,1.609e+7,
58.980067,1.624e+7,
58.986050,1.634e+7,
58.991767,1.619e+7,
58.997750,1.591e+7,
59.003733,1.570e+7,
59.009450,1.584e+7,
59.015433,1.589e+7,
59.021417,1.577e+7,
59.027400,1.563e+7,
59.033117,1.573e+7,
59.039100,1.577e+7,
59.045067,1.580e+7,
59.050800,1.565e+7,
59.056767,1.571e+7,
59.062750,1.575e+7,
59.068733,1.585e+7,
59.074450,1.594e+7,
59.080433,1.612e+7,
59.086417,1.613e+7,
59.092133,1.614e+7,
59.098117,1.602e+7,
59.104100,1.606e+7,
59.110067,1.593e+7,
59.115800,1.588e+7,
59.121767,1.598e+7,
59.127750,1.600e+7,
59.133467,1.615e+7,
59.139450,1.606e+7,
59.145433,1.612e+7,
59.151150,1.598e+7,
59.157133,1.576e+7,
59.163117,1.570e+7,
59.169100,1.587e+7,
59.174817,1.590e+7,
59.180800,1.604e+7,
59.186783,1.574e+7,
59.192500,1.589e+7,
59.198483,1.582e+7,
59.204450,1.609e+7,
59.210433,1.616e+7,
59.216150,1.626e+7,
59.222133,1.619e+7,
59.228117,1.592e+7,
59.233833,1.578e+7,
59.239817,1.585e+7,
59.245800,1.610e+7,
59.251783,1.634e+7,
59.257500,1.613e+7,
59.263483,1.610e+7,
59.269450,1.581e+7,
59.275183,1.559e+7,
59.281150,1.583e+7,
59.287133,1.590e+7,
59.293117,1.617e+7,
59.298833,1.599e+7,
59.304817,1.607e+7,
59.310800,1.589e+7,
59.316517,1.553e+7,
59.322500,1.546e+7,
59.328483,1.564e+7,
59.334200,1.605e+7,
59.340183,1.596e+7,
59.346150,1.594e+7,
59.352133,1.576e+7,
59.357850,1.561e+7,
59.363833,1.546e+7,
59.369817,1.547e+7,
59.375800,1.554e+7,
59.381517,1.579e+7,
59.387500,1.592e+7,
59.393483,1.602e+7,
59.399200,1.588e+7,
59.405183,1.570e+7,
59.411150,1.587e+7,
59.416883,1.572e+7,
59.422850,1.578e+7,
59.428833,1.552e+7,
59.434817,1.564e+7,
59.440533,1.545e+7,
59.446517,1.545e+7,
59.452500,1.523e+7,
59.458217,1.543e+7,
59.464200,1.558e+7,
59.470183,1.582e+7,
59.476150,1.555e+7,
59.481883,1.551e+7,
59.487850,1.541e+7,
59.493833,1.569e+7,
59.499550,1.553e+7,
59.505533,1.557e+7,
59.511517,1.566e+7,
59.517500,1.595e+7,
59.523217,1.601e+7,
59.529200,1.586e+7,
59.535183,1.567e+7,
59.540900,1.586e+7,
59.546883,1.588e+7,
59.552850,1.582e+7,
59.558583,1.559e+7,
59.564550,1.552e+7,
59.570533,1.576e+7,
59.576517,1.586e+7,
59.582233,1.590e+7,
59.588217,1.573e+7,
59.594200,1.568e+7,
59.599917,1.561e+7,
59.605900,1.573e+7,
59.611883,1.562e+7,
59.617850,1.556e+7,
59.623583,1.527e+7,
59.629550,1.521e+7,
59.635533,1.543e+7,
59.641250,1.561e+7,
59.647233,1.577e+7,
59.653217,1.555e+7,
59.659200,1.563e+7,
59.664917,1.545e+7,
59.670900,1.560e+7,
59.676883,1.569e+7,
59.682600,1.579e+7,
59.688583,1.583e+7,
59.694567,1.571e+7,
59.700533,1.574e+7,
59.706267,1.579e+7,
59.712233,1.565e+7,
59.718217,1.576e+7,
59.723933,1.561e+7,
59.729917,1.563e+7,
59.735900,1.563e+7,
59.741617,1.572e+7,
59.747600,1.576e+7,
59.753583,1.542e+7,
59.759567,1.548e+7,
59.765283,1.560e+7,
59.771267,1.599e+7,
59.777233,1.580e+7,
59.782967,1.547e+7,
59.788933,1.533e+7,
59.794917,1.528e+7,
59.800900,1.557e+7,
59.806617,1.559e+7,
59.812600,1.569e+7,
59.818583,1.574e+7,
59.824300,1.562e+7,
59.830283,1.563e+7,
59.836267,1.550e+7,
59.842233,1.556e+7,
59.847967,1.550e+7,
59.853933,1.546e+7,
59.859917,1.563e+7,
59.865633,1.567e+7,
59.871617,1.552e+7,
59.877600,1.529e+7,
59.883317,1.536e+7,
59.889300,1.564e+7,
59.895283,1.566e+7,
59.901267,1.566e+7,
59.907233,1.565e+7,
59.913217,1.564e+7,
59.918933,1.548e+7,
59.924917,1.532e+7,
59.930900,1.538e+7,
59.936883,1.543e+7,
59.942600,1.556e+7,
59.948583,1.563e+7,
59.954567,1.575e+7,
59.960283,1.582e+7,
59.966267,1.582e+7,
59.972233,1.596e+7,
59.977967,1.595e+7,
59.983933,1.599e+7,
59.989917,1.579e+7,
59.995900,1.567e+7,
60.001617,1.549e+7,
